============================== SRIM-2013.00 ==============================
==============================================================================
=================  TRANSMIT.txt : File of Transmitted Ions  ==================
=  This file tabulates the kinetics of ions or atoms leaving the target.     =
=  Column #1: S= Sputtered Atom, B= Backscattered Ion, T= Transmitted Ion.   =
=  Col.#2: Ion Number, Col.#3: Z of atom leaving, Col.#4: Atom energy (eV).  =
=  Col.#5-7: Last location:  X= Depth into target, Y,Z= Transverse axes.     =
=  Col.#8-10: Cosines of final trajectory.                                   =
= *** This data file is in the same format as TRIM.DAT (see manual for uses).=
====== TRIM Calc.=  O(113. MeV) ==> Upper Be+He Gas+Lower Be( 8.02 mm) =======
 Ion  Atom   Energy        Depth       Lateral-Position        Atom Direction      
 Numb Numb    (eV)          X(A)        Y(A)       Z(A)      Cos(X)  Cos(Y) Cos(Z) 
T    1  8 .9966041E+08   8020000E+01 -.9747E+05 -.3046E+05   .9999991 -.0013377  .0002985
T    2  8 .9975370E+08   8020000E+01  .2482E+05  .2174E+06   .9999871  .0030526  .0040693
T    3  8 .9968485E+08   8020000E+01 -.3223E+05 -.7474E+05   .9999987 -.0014096  .0007661
T    4  8 .9996218E+08   8020000E+01  .6266E+05 -.1712E+05   .9999967  .0021796 -.0013531
T    5  8 .9990471E+08   8020000E+01 -.2187E+05  .7169E+05   .9999997 -.0007695 -.0003003
T    6  8 .9957031E+08   8020000E+01  .2252E+06 -.1536E+06   .9999911  .0039452 -.0014806
T    7  8 .9975370E+08   8020000E+01 -.3358E+05 -.8602E+05   .9999949 -.0028510 -.0014370
T    8  8 .9987839E+08   8020000E+01  .7220E+05 -.1437E+06   .9999968  .0021122 -.0013749
T    9  8 .9988682E+08   8020000E+01  .2420E+06 -.3883E+05   .9999933  .0024152  .0027594
T   10  8 .9963341E+08   8020000E+01  .9668E+04  .2440E+05   .9999955  .0008601 -.0028589
T   11  8 .9980468E+08   8020000E+01 -.3756E+05 -.1889E+06   .9999893 -.0038871 -.0024898
T   12  8 .9985550E+08   8020000E+01  .4398E+05  .1791E+06   .9999976 -.0013365  .0017200
T   13  8 .9950934E+08   8020000E+01 -.5381E+05 -.3835E+05   .9999969 -.0024269 -.0004999
T   14  8 .9971666E+08   8020000E+01 -.1480E+06  .6861E+05   .9999930 -.0036261  .0009435
T   15  8 .9976535E+08   8020000E+01  .5521E+05  .4009E+05   .9999970  .0011598  .0021684
T   16  8 .9971009E+08   8020000E+01  .4950E+05 -.7681E+05   .9999898  .0042709 -.0014779
T   17  8 .9991729E+08   8020000E+01  .2208E+06 -.1945E+06   .9999969  .0018739 -.0016230
T   18  8 .9967853E+08   8020000E+01 -.6436E+05  .2856E+06   .9999946 -.0027446  .0018047
T   19  8 .9966694E+08   8020000E+01 -.9161E+05  .4773E+05   .9999977 -.0021036 -.0003233
T   20  8 .9965842E+08   8020000E+01  .2749E+06 -.2530E+06   .9999847  .0039517 -.0038762
T   21  8 .9952522E+08   8020000E+01 -.5731E+06 -.1361E+06   .9999404 -.0105826 -.0026829
T   22  8 .9966530E+08   8020000E+01 -.3300E+04  .8641E+05   .9999917 -.0009895  .0039562
T   23  8 .9956951E+08   8020000E+01 -.7047E+05  .8876E+05   .9999995 -.0009700 -.0003811
T   24  8 .9963401E+08   8020000E+01  .1397E+06 -.2522E+06   .9999938  .0020123 -.0028872
T   25  8 .9973107E+08   8020000E+01 -.4949E+05 -.2387E+06   .9999940 -.0015552 -.0030893
T   26  8 .1000336E+09   8020000E+01 -.1663E+06 -.2642E+05   .9999955  .0011851 -.0027455
T   27  8 .9979449E+08   8020000E+01  .2979E+05  .1378E+06   .9999974 -.0002083  .0022660
T   28  8 .9982777E+08   8020000E+01  .1150E+04  .2188E+05   .9999874  .0002960  .0050136
T   29  8 .9963876E+08   8020000E+01  .1111E+06 -.4258E+06   .9999917 -.0003639 -.0040523
T   30  8 .9975984E+08   8020000E+01  .3270E+06  .1854E+05   .9999905  .0043548  .0000433
T   31  8 .9963800E+08   8020000E+01  .1026E+06 -.2326E+05   .9999995  .0003714 -.0009068
T   32  8 .9972954E+08   8020000E+01  .3789E+05 -.1081E+06   .9999964  .0020210 -.0017753
T   33  8 .9968628E+08   8020000E+01  .2066E+05  .3856E+05   .9999947 -.0017029 -.0027901
T   34  8 .9992352E+08   8020000E+01  .6197E+05 -.8183E+05   .9999987 -.0015736  .0004498
T   35  8 .9988866E+08   8020000E+01  .2706E+05 -.1742E+06   .9999867  .0039470 -.0033055
T   36  8 .9968859E+08   8020000E+01  .2524E+06 -.1199E+06   .9999929  .0036492 -.0009248
T   37  8 .9976657E+08   8020000E+01 -.2304E+06 -.3691E+05   .9999935 -.0035930 -.0002715
T   38  8 .9952040E+08   8020000E+01 -.7125E+05  .2196E+06   .9999822 -.0024020  .0054629
T   39  8 .9958233E+08   8020000E+01 -.1312E+06 -.1266E+05   .9999903 -.0035742  .0025584
T   40  8 .9983907E+08   8020000E+01  .7050E+05 -.1225E+05   .9999994  .0009605  .0005500
T   41  8 .9976677E+08   8020000E+01  .3335E+06  .3028E+06   .9999818  .0044013  .0041177
T   42  8 .9988853E+08   8020000E+01 -.1043E+06  .1128E+06   .9999986 -.0016989 -.0000615
T   43  8 .9948453E+08   8020000E+01  .1046E+05  .2107E+05   .9999986 -.0016159  .0003257
T   44  8 .9956090E+08   8020000E+01 -.1606E+06 -.2773E+06   .9999983  .0003194  .0017937
T   45  8 .9972994E+08   8020000E+01  .1887E+06  .5203E+05   .9999957  .0025556  .0014044
T   46  8 .9963711E+08   8020000E+01  .2858E+06  .3382E+06   .9999747  .0046553  .0053707
T   47  8 .9969721E+08   8020000E+01  .5044E+05 -.6484E+05   .9999983  .0015391 -.0009939
T   48  8 .9964654E+08   8020000E+01  .4451E+05 -.5260E+05   .9999993  .0002594 -.0011907
T   49  8 .9956898E+08   8020000E+01 -.4858E+05  .7675E+05   .9999599  .0075040  .0048874
T   50  8 .9987764E+08   8020000E+01 -.2682E+05  .3344E+05   .9999920 -.0033741 -.0021414
T   51  8 .9968012E+08   8020000E+01 -.3051E+06  .2713E+05   .9999914 -.0039647  .0012073
T   52  8 .9972802E+08   8020000E+01  .1926E+06  .1430E+06   .9999997  .0007103  .0002304
T   53  8 .9998459E+08   8020000E+01  .5476E+05  .6311E+05   .9999994 -.0011174 -.0001549
T   54  8 .9961268E+08   8020000E+01 -.1853E+06 -.6949E+05   .9999850 -.0051610 -.0018491
T   55  8 .9987667E+08   8020000E+01 -.1398E+05 -.3000E+06   .9999889 -.0027191 -.0038541
T   56  8 .9972661E+08   8020000E+01  .2933E+05 -.9562E+05   .9999982 -.0004969 -.0018436
T   57  8 .9955402E+08   8020000E+01  .4523E+05 -.8642E+05   .9999975  .0011275 -.0019191
T   58  8 .9948726E+08   8020000E+01 -.8929E+05 -.1640E+06   .9999971  .0004043 -.0023728
T   59  8 .9953439E+08   8020000E+01 -.5394E+05  .2437E+06   .9999925 -.0026039  .0028625
T   60  8 .9972568E+08   8020000E+01  .1296E+06  .1281E+06   .9999944  .0022009  .0025283
T   61  8 .9963797E+08   8020000E+01 -.4050E+05  .1463E+06   .9999982  .0004137  .0018671
T   62  8 .1001539E+09   8020000E+01 -.8525E+05 -.9957E+05   .9999989 -.0014291 -.0005017
T   63  8 .9974105E+08   8020000E+01  .1682E+06  .1022E+06   .9999701  .0041825  .0065072
T   64  8 .9964918E+08   8020000E+01 -.2164E+05 -.7781E+05   .9999927 -.0028467 -.0025416
T   65  8 .9959434E+08   8020000E+01  .1701E+06  .4684E+05   .9999982  .0000160  .0019048
T   66  8 .9941874E+08   8020000E+01 -.9162E+05  .3390E+05   .9999945 -.0024464  .0022297
T   67  8 .9985877E+08   8020000E+01  .2177E+06 -.1166E+06   .9999837  .0048208 -.0030620
T   68  8 .9982699E+08   8020000E+01  .7430E+05  .7380E+05   .9999985 -.0002956  .0017108
T   69  8 .9982323E+08   8020000E+01  .2305E+06  .9713E+05   .9999948  .0029730  .0012156
T   70  8 .9965204E+08   8020000E+01 -.3620E+05 -.1007E+06   .9999986 -.0015217  .0007397
T   71  8 .1000535E+09   8020000E+01 -.1414E+06  .5446E+05   .9999964 -.0026936 -.0000665
T   72  8 .9969539E+08   8020000E+01 -.1109E+05  .1714E+06   .9999999  .0000651 -.0005157
T   73  8 .9951381E+08   8020000E+01 -.1265E+04  .7693E+05   .9999980  .0001518  .0020103
T   74  8 .9975508E+08   8020000E+01  .6669E+05 -.2423E+06   .9999940  .0002695 -.0034655
T   75  8 .9958876E+08   8020000E+01 -.4191E+05 -.8841E+05   .9999976  .0019170 -.0010560
T   76  8 .9972920E+08   8020000E+01  .1790E+06 -.3889E+05   .9999990  .0006252 -.0012936
T   77  8 .9962512E+08   8020000E+01  .3067E+05 -.5474E+04   .9999995  .0004069 -.0009356
T   78  8 .9948357E+08   8020000E+01  .2192E+06 -.3338E+06   .9999699  .0035484 -.0069037
T   79  8 .9947161E+08   8020000E+01  .5839E+04 -.8392E+05   .9999996  .0007909  .0003640
T   80  8 .9967582E+08   8020000E+01  .4569E+05 -.2973E+06   .9999803  .0012005 -.0061609
T   81  8 .9963884E+08   8020000E+01  .1081E+06  .8594E+04   .9999979  .0004832 -.0019702
T   82  8 .1000760E+09   8020000E+01 -.6448E+06 -.5187E+06   .9999357 -.0067236 -.0091305
T   83  8 .9967407E+08   8020000E+01  .1101E+06  .1396E+06   .9999992 -.0005700 -.0011354
T   84  8 .9982776E+08   8020000E+01 -.5538E+05 -.1542E+06   .9999848 -.0054557  .0008516
T   85  8 .9979253E+08   8020000E+01 -.8525E+05 -.5452E+05   .9999957 -.0027821 -.0009376
T   86  8 .9972056E+08   8020000E+01 -.1577E+06 -.2249E+04   .9999990 -.0013742 -.0001978
T   87  8 .9977827E+08   8020000E+01 -.7690E+05  .1238E+06   .9999982  .0016584  .0009146
T   88  8 .1000078E+09   8020000E+01  .1603E+05  .1768E+05   .9999936 -.0014662  .0032628
T   89  8 .9973601E+08   8020000E+01 -.4160E+04 -.1286E+06   .9999916  .0024799 -.0032544
T   90  8 .9982621E+08   8020000E+01 -.1774E+05 -.3569E+05   .9999980 -.0018012 -.0008730
T   91  8 .9983992E+08   8020000E+01  .6004E+05  .6330E+05   .9999913  .0041675 -.0000944
T   92  8 .9972467E+08   8020000E+01 -.5865E+05 -.1550E+06   .9999963 -.0015285 -.0022408
T   93  8 .9994394E+08   8020000E+01  .1140E+05  .1596E+06   .9999961 -.0010603  .0025656
T   94  8 .9964617E+08   8020000E+01  .2914E+05 -.5132E+05   .9999977 -.0016776 -.0013190
T   95  8 .9979804E+08   8020000E+01 -.1615E+06  .1262E+06   .9999961 -.0020323  .0019028
T   96  8 .9944947E+08   8020000E+01  .2190E+05 -.1048E+06   .9999999 -.0002297 -.0002835
T   97  8 .9964294E+08   8020000E+01 -.3175E+06  .1588E+05   .9999809 -.0055376  .0027404
T   98  8 .9943384E+08   8020000E+01  .1223E+05  .1353E+06   .9999987  .0009383  .0012912
T   99  8 .9942533E+08   8020000E+01  .5565E+05 -.1626E+06   .9999932  .0015012 -.0033772
T  100  8 .9972568E+08   8020000E+01 -.9064E+05 -.1303E+06   .9999963 -.0012315 -.0024438
T  101  8 .9961543E+08   8020000E+01  .1576E+05 -.3191E+05   .9999982  .0002717 -.0019017
T  102  8 .9969157E+08   8020000E+01 -.2260E+06 -.2980E+04   .9999993 -.0010901  .0004388
T  103  8 .9972612E+08   8020000E+01  .6494E+05 -.7496E+05   .9999939 -.0031842 -.0014070
T  104  8 .9949318E+08   8020000E+01  .3648E+05 -.4504E+05   .9999931  .0008378 -.0036261
T  105  8 .9986451E+08   8020000E+01 -.1710E+05 -.9097E+05   .9999959 -.0003146 -.0028536
T  106  8 .9973257E+08   8020000E+01 -.3176E+02 -.6654E+04   .9999371 -.0103660  .0042914
T  107  8 .9964317E+08   8020000E+01 -.1704E+05  .2371E+06   .9999970  .0009326 -.0022661
T  108  8 .9968544E+08   8020000E+01  .1329E+06 -.8048E+04   .9999948  .0031879 -.0004512
T  109  8 .9949374E+08   8020000E+01 -.5524E+05  .4265E+05   .9999950  .0005610 -.0031003
T  110  8 .9997315E+08   8020000E+01 -.2120E+06 -.2119E+06   .9999970 -.0019443 -.0014660
T  111  8 .9956782E+08   8020000E+01  .1781E+04  .1775E+06   .9999923  .0014487  .0036513
T  112  8 .9976896E+08   8020000E+01 -.8347E+04 -.1098E+06   .9999984  .0002086 -.0017809
T  113  8 .9961127E+08   8020000E+01 -.4156E+05  .1042E+06   .9999981 -.0015400  .0011526
T  114  8 .9959602E+08   8020000E+01 -.5175E+05  .1136E+06   .9999800 -.0031936  .0054535
T  115  8 .9979599E+08   8020000E+01 -.1576E+06 -.6948E+05   .9999956 -.0029209 -.0005475
T  116  8 .9976569E+08   8020000E+01 -.1765E+06 -.1676E+06   .9999946 -.0005142 -.0032500
T  117  8 .9978488E+08   8020000E+01 -.2121E+05  .2009E+05   .9999471 -.0094777 -.0040048
T  118  8 .9982546E+08   8020000E+01  .1257E+06 -.1336E+06   .9999920  .0013014 -.0037729
T  119  8 .9971476E+08   8020000E+01 -.2722E+06  .5114E+05   .9999939 -.0035053 -.0000906
T  120  8 .9986533E+08   8020000E+01 -.1959E+04 -.5965E+05   .9999959 -.0001851 -.0028748
T  121  8 .9994658E+08   8020000E+01  .1044E+06  .7754E+05   .9999913 -.0009065  .0040611
T  122  8 .9984075E+08   8020000E+01 -.3349E+06 -.6489E+05   .9999869 -.0042575  .0028403
T  123  8 .9961233E+08   8020000E+01  .1158E+06 -.4669E+05   .9999997  .0006660 -.0002867
T  124  8 .9993106E+08   8020000E+01  .1176E+06 -.1482E+06   .9999969  .0020411 -.0014254
T  125  8 .9971935E+08   8020000E+01 -.9786E+03  .1252E+04   .9999976 -.0021839 -.0001162
T  126  8 .9936149E+08   8020000E+01  .2305E+05  .1239E+06   .9999962  .0016651  .0021784
T  127  8 .9964409E+08   8020000E+01  .6650E+05  .1176E+06   .9999998  .0005613  .0004276
T  128  8 .9962197E+08   8020000E+01  .2473E+06 -.1288E+06   .9999977  .0017846 -.0012034
T  129  8 .9965571E+08   8020000E+01 -.1918E+06 -.8394E+05   .9999815 -.0059893  .0010291
T  130  8 .9985012E+08   8020000E+01 -.2859E+06  .7215E+05   .9999938 -.0035122 -.0003868
T  131  8 .9979755E+08   8020000E+01 -.1129E+06 -.2796E+05   .9999907  .0024647 -.0035416
T  132  8 .9970876E+08   8020000E+01 -.9878E+05 -.1888E+05   .9999979 -.0015336 -.0013427
T  133  8 .9980124E+08   8020000E+01  .2392E+06  .1490E+06   .9999966  .0016192  .0020360
T  134  8 .9977483E+08   8020000E+01 -.1398E+05 -.7317E+05   .9999983  .0016039 -.0009404
T  135  8 .9975803E+08   8020000E+01 -.6817E+05 -.3827E+04   .9999998 -.0003249  .0005093
T  136  8 .9970157E+08   8020000E+01 -.1023E+06 -.1198E+06   .9999999 -.0001546 -.0002869
T  137  8 .9981695E+08   8020000E+01  .1742E+06 -.1194E+06   .9999949 -.0003270 -.0031745
T  138  8 .9986591E+08   8020000E+01 -.9138E+05  .2104E+06   .9999717 -.0052464 -.0053955
T  139  8 .9957460E+08   8020000E+01  .2040E+06  .2249E+06   .9999981  .0008537  .0017460
T  140  8 .9986215E+08   8020000E+01  .1199E+06 -.3864E+06   .9999890  .0021029 -.0042016
T  141  8 .9972420E+08   8020000E+01 -.1085E+06  .1866E+06   .9999973 -.0006365  .0022530
T  142  8 .9959286E+08   8020000E+01 -.1223E+06 -.1435E+06   .9999977 -.0020659  .0005337
T  143  8 .9997198E+08   8020000E+01  .5083E+05  .2911E+06   .9999708  .0029811  .0070398
T  144  8 .9968422E+08   8020000E+01 -.6187E+05  .1027E+06   .9999995 -.0007985 -.0005410
T  145  8 .9974800E+08   8020000E+01 -.3732E+05 -.9522E+05   .9999871 -.0050310  .0007204
T  146  8 .9964682E+08   8020000E+01  .4976E+05 -.9993E+05   .9999969  .0024927 -.0002788
T  147  8 .9975774E+08   8020000E+01  .7958E+05 -.2389E+05   .9999977  .0018476 -.0011119
T  148  8 .9964437E+08   8020000E+01 -.2311E+05 -.4564E+05   .9999952 -.0016805 -.0025976
T  149  8 .9951197E+08   8020000E+01  .1627E+06  .1871E+06   .9999959  .0015224  .0024403
T  150  8 .1000223E+09   8020000E+01 -.6491E+05 -.1300E+06   .9999999  .0000471 -.0001122
T  151  8 .9965360E+08   8020000E+01  .1213E+05 -.1609E+06   .9999952 -.0030925 -.0000736
T  152  8 .9954829E+08   8020000E+01 -.1675E+06 -.6083E+05   .9999874 -.0045089 -.0021954
T  153  8 .9968591E+08   8020000E+01 -.7195E+05 -.1204E+06   .9999996  .0003968 -.0007503
T  154  8 .9964469E+08   8020000E+01  .1201E+06  .1720E+05   .9999977  .0006840 -.0020128
T  155  8 .9988843E+08   8020000E+01 -.1245E+06 -.1614E+06   .9999977 -.0002878  .0021072
T  156  8 .9996669E+08   8020000E+01  .3069E+05  .8312E+05   .9999894  .0019973  .0041397
T  157  8 .9954720E+08   8020000E+01  .7134E+05  .1099E+06   .9999999  .0002548  .0000744
T  158  8 .9979639E+08   8020000E+01 -.4404E+06 -.8182E+05   .9999805 -.0062510 -.0001270
T  159  8 .9939245E+08   8020000E+01  .1341E+05  .2428E+05   .9999914  .0030900  .0027669
T  160  8 .9973674E+08   8020000E+01 -.7948E+05 -.1608E+06   .9999999  .0001487  .0001944
T  161  8 .9961640E+08   8020000E+01  .5522E+05 -.1425E+06   .9999973 -.0022312 -.0005731
T  162  8 .9990042E+08   8020000E+01  .5646E+05  .8633E+04   .9999952  .0024544  .0018887
T  163  8 .9984287E+08   8020000E+01 -.7675E+05 -.4619E+05   .9999997 -.0004611  .0006179
T  164  8 .9964222E+08   8020000E+01 -.8130E+05  .7132E+05   .9999951 -.0030617  .0006447
T  165  8 .9969205E+08   8020000E+01 -.1666E+05 -.1552E+05   .9999993 -.0005410  .0010792
T  166  8 .9971242E+08   8020000E+01 -.1453E+06  .7558E+05   .9999905 -.0042947 -.0007285
T  167  8 .9973985E+08   8020000E+01 -.1279E+06  .5238E+04   .9999974 -.0019608  .0011578
T  168  8 .9964096E+08   8020000E+01  .9644E+05  .5538E+05   .9999999  .0004161  .0003293
T  169  8 .9938106E+08   8020000E+01 -.1241E+06  .1373E+06   .9999982 -.0016627  .0008692
T  170  8 .9963774E+08   8020000E+01  .6089E+05 -.7856E+05   .9999916  .0039412  .0011652
T  171  8 .9977518E+08   8020000E+01 -.1018E+05  .1261E+06   .9999993 -.0005616  .0010763
T  172  8 .9972207E+08   8020000E+01 -.5239E+05 -.7139E+05   .9999931 -.0017138 -.0032939
T  173  8 .9959254E+08   8020000E+01  .1576E+05  .6670E+05   .9999978 -.0012022  .0016975
T  174  8 .9976627E+08   8020000E+01  .5532E+05 -.8209E+05   .9999972 -.0006836 -.0022838
T  175  8 .9967065E+08   8020000E+01  .4990E+05  .4089E+05   .9999993  .0011442  .0002151
T  176  8 .9968983E+08   8020000E+01 -.1072E+06  .5858E+05   .9999958 -.0028642  .0003207
T  177  8 .9962648E+08   8020000E+01  .6771E+04 -.1217E+06   .9999998 -.0003502  .0004799
T  178  8 .9959521E+08   8020000E+01 -.1134E+06  .1148E+06   .9999824 -.0005092  .0059124
T  179  8 .9966912E+08   8020000E+01  .1460E+06 -.4069E+05   .9999884  .0036102 -.0031971
T  180  8 .9960222E+08   8020000E+01  .6332E+05 -.2504E+06   .9999929  .0012061 -.0035609
T  181  8 .9980263E+08   8020000E+01 -.5504E+05  .8925E+05   .9999913 -.0012251  .0039785
T  182  8 .9967671E+08   8020000E+01 -.6114E+05 -.7128E+05   .9999973 -.0004249 -.0022848
T  183  8 .9951649E+08   8020000E+01  .2486E+05  .1273E+06   .9999956  .0002661  .0029609
T  184  8 .9991537E+08   8020000E+01 -.1276E+05  .8987E+05   .9999965  .0026431  .0000257
T  185  8 .9976088E+08   8020000E+01  .8309E+05  .2732E+05   .9999973 -.0010702 -.0020562
T  186  8 .9956798E+08   8020000E+01 -.2593E+05  .1462E+04   .9999999  .0003153  .0001873
T  187  8 .9971318E+08   8020000E+01 -.1076E+06 -.3127E+05   .9999996 -.0001468 -.0008467
T  188  8 .9978299E+08   8020000E+01  .3388E+05  .5193E+05   .9999985  .0010542  .0013388
T  189  8 .9950723E+08   8020000E+01 -.7983E+05 -.3157E+04   .9999908 -.0031458 -.0029062
T  190  8 .9965791E+08   8020000E+01 -.1367E+06  .1502E+06   .9999859 -.0026388  .0046140
T  191  8 .9998863E+08   8020000E+01  .6512E+05 -.1674E+05   .9999940  .0020831 -.0027851
T  192  8 .9966091E+08   8020000E+01 -.6295E+05  .1331E+06   .9999963 -.0010036  .0025097
T  193  8 .9971240E+08   8020000E+01 -.3464E+06 -.7248E+05   .9999850 -.0053517 -.0011224
T  194  8 .9954179E+08   8020000E+01  .4369E+05 -.5691E+05   .9999992 -.0003170 -.0012480
T  195  8 .9970353E+08   8020000E+01 -.1059E+06  .5461E+06   .9999794 -.0018839  .0061418
T  196  8 .9969067E+08   8020000E+01  .1586E+05  .1019E+06   .9999787  .0059418  .0027000
T  197  8 .9974674E+08   8020000E+01 -.4784E+05  .6287E+05   .9999986 -.0012606  .0010600
T  198  8 .9953148E+08   8020000E+01 -.7021E+05 -.1654E+05   .9999968 -.0022102  .0012025
T  199  8 .9962071E+08   8020000E+01  .7090E+05  .1496E+06   .9999947  .0011771  .0030195
T  200  8 .9977272E+08   8020000E+01  .1213E+05  .1092E+06   .9999976  .0014316  .0016839
T  201  8 .9993831E+08   8020000E+01 -.1718E+06 -.1309E+06   .9999996  .0003564 -.0007852
T  202  8 .9969560E+08   8020000E+01  .2669E+06 -.1364E+06   .9999865  .0051759 -.0005243
T  203  8 .9971960E+08   8020000E+01  .6724E+05  .1346E+06   .9999942  .0015239  .0030429
T  204  8 .9962204E+08   8020000E+01 -.1569E+06 -.6536E+05   .9999984 -.0012611 -.0012674
T  205  8 .9961993E+08   8020000E+01 -.1985E+05  .2706E+05   .9999996 -.0000925  .0008564
T  206  8 .9982148E+08   8020000E+01 -.5831E+04  .1545E+06   .9999985  .0015640 -.0007793
T  207  8 .9996074E+08   8020000E+01 -.8101E+04 -.1702E+06   .9999958  .0017196 -.0023494
T  208  8 .9981804E+08   8020000E+01 -.1264E+05  .2983E+05   .9999995 -.0007957 -.0006041
T  209  8 .9976776E+08   8020000E+01 -.3996E+05  .7552E+05   .9999990 -.0012708 -.0005704
T  210  8 .1000568E+09   8020000E+01 -.7792E+05  .2238E+05   .9999987 -.0014113  .0007603
T  211  8 .9982301E+08   8020000E+01 -.1536E+06 -.1990E+06   .9999995  .0006121 -.0007857
T  212  8 .9956990E+08   8020000E+01 -.1207E+05 -.5533E+05   .9999922  .0007453 -.0038745
T  213  8 .9980612E+08   8020000E+01  .5823E+06  .2308E+06   .9999722  .0069668  .0026541
T  214  8 .9954264E+08   8020000E+01  .5657E+05 -.1046E+06   .9999963 -.0010973 -.0024915
T  215  8 .9960689E+08   8020000E+01  .6363E+05 -.1256E+06   .9999931  .0024608 -.0027707
T  216  8 .9957523E+08   8020000E+01  .8848E+05  .7610E+05   .9999962  .0005825  .0026983
T  217  8 .9992516E+08   8020000E+01  .2581E+06 -.5307E+05   .9999918  .0038187 -.0013229
T  218  8 .9969133E+08   8020000E+01 -.1234E+06  .9493E+05   .9999996 -.0009185 -.0002224
T  219  8 .9959776E+08   8020000E+01  .2969E+06  .5760E+05   .9999785  .0061564  .0022696
T  220  8 .9960597E+08   8020000E+01  .3706E+05  .1758E+05   .9999991  .0012390  .0004451
T  221  8 .9984870E+08   8020000E+01  .9854E+05  .5536E+05   .9999963  .0002996  .0026966
T  222  8 .9973248E+08   8020000E+01 -.1204E+06  .1434E+06   .9999974 -.0021485  .0008158
T  223  8 .9988992E+08   8020000E+01 -.9281E+04 -.2866E+05   .9999987  .0015636  .0004871
T  224  8 .9965731E+08   8020000E+01  .4818E+05 -.1140E+04   .9999985 -.0017091 -.0002617
T  225  8 .9965766E+08   8020000E+01 -.6675E+05  .6298E+05   .9999975 -.0022525 -.0001235
T  226  8 .9945023E+08   8020000E+01  .1114E+05 -.1282E+06   .9999982  .0013355  .0013619
T  227  8 .9996115E+08   8020000E+01 -.1981E+06 -.8735E+05   .9999942 -.0023355 -.0024693
T  228  8 .9980273E+08   8020000E+01 -.1284E+06 -.1281E+06   .9999975 -.0004616 -.0022080
T  229  8 .9966638E+08   8020000E+01  .6939E+05 -.6966E+04   .9999974  .0013413  .0018700
T  230  8 .9983149E+08   8020000E+01  .9406E+04  .1334E+06   .9999993  .0011216 -.0002277
T  231  8 .9970446E+08   8020000E+01 -.3614E+05 -.2022E+05   .9999946 -.0019903  .0026233
T  232  8 .9967856E+08   8020000E+01 -.8614E+05  .1731E+06   .9999964  .0021371  .0016375
T  233  8 .9989850E+08   8020000E+01  .6351E+05 -.1846E+06   .9999930  .0019430 -.0031990
T  234  8 .9983384E+08   8020000E+01 -.3026E+06  .3112E+05   .9999877 -.0049084  .0007078
T  235  8 .9988936E+08   8020000E+01  .3585E+05 -.1065E+06   .9999934  .0009637 -.0035092
T  236  8 .9966400E+08   8020000E+01 -.2853E+06 -.3086E+06   .9999734 -.0065487 -.0031970
T  237  8 .9987052E+08   8020000E+01 -.2063E+06 -.9591E+05   .9999933 -.0032121 -.0017595
T  238  8 .9979432E+08   8020000E+01  .1175E+06  .6265E+05   .9999716  .0039411  .0064240
T  239  8 .9965533E+08   8020000E+01  .5832E+05  .1770E+06   .9999917  .0035809  .0019295
T  240  8 .9982748E+08   8020000E+01 -.9870E+05  .4676E+05   .9999966  .0013994 -.0022086
T  241  8 .9961483E+08   8020000E+01  .3482E+04 -.1312E+06   .9999901  .0003497 -.0044277
T  242  8 .9960445E+08   8020000E+01  .2065E+06 -.6625E+05   .9999963  .0018594  .0020039
T  243  8 .9982509E+08   8020000E+01  .3418E+06  .1211E+06   .9999859  .0053148  .0000937
T  244  8 .9964531E+08   8020000E+01  .1650E+05 -.3947E+05   .9999973 -.0021832  .0008093
T  245  8 .9985435E+08   8020000E+01 -.3450E+05  .4587E+05   .9999998 -.0001272 -.0006195
T  246  8 .9958631E+08   8020000E+01  .3675E+05 -.2191E+06   .9999991 -.0008128 -.0010464
T  247  8 .9960732E+08   8020000E+01  .9405E+05 -.7212E+05   .9999981 -.0016176 -.0010694
T  248  8 .9993039E+08   8020000E+01 -.6599E+05  .1702E+06   .9999935 -.0023901  .0027079
T  249  8 .9976916E+08   8020000E+01  .6638E+05 -.4626E+05   .9999998 -.0000055  .0006114
T  250  8 .1000245E+09   8020000E+01  .6065E+05  .5859E+05   .9999974  .0000899  .0022700
T  251  8 .9985709E+08   8020000E+01 -.2414E+05  .5600E+05   .9999955 -.0028408  .0009220
T  252  8 .9955514E+08   8020000E+01 -.6252E+05 -.3847E+04   .9999960  .0021445 -.0018456
T  253  8 .9963393E+08   8020000E+01  .2718E+05  .1247E+06   .9999968  .0022987  .0010224
T  254  8 .9962259E+08   8020000E+01 -.9263E+05  .1675E+06   .9999875 -.0017446  .0046895
T  255  8 .9946662E+08   8020000E+01  .2052E+05 -.1086E+06   .9999984  .0010512 -.0014271
T  256  8 .9975078E+08   8020000E+01  .9177E+05 -.3645E+05   .9999981  .0019065 -.0004113
T  257  8 .9999988E+08   8020000E+01 -.4457E+05 -.3319E+05   .9999971  .0004045 -.0023797
T  258  8 .9956354E+08   8020000E+01 -.8039E+05  .1279E+06   .9999979 -.0002204  .0020510
T  259  8 .9973018E+08   8020000E+01 -.4091E+06 -.2009E+06   .9999939 -.0034389  .0006780
T  260  8 .9972444E+08   8020000E+01  .2229E+06 -.5013E+05   .9999945 -.0011177 -.0031223
T  261  8 .9978295E+08   8020000E+01 -.9505E+05 -.1168E+05   .9999994 -.0010627  .0002952
T  262  8 .9966132E+08   8020000E+01 -.7631E+05  .1781E+05   .9999997  .0008214 -.0001435
T  263  8 .9997790E+08   8020000E+01  .1886E+06  .1881E+06   .9999919  .0038859  .0010659
T  264  8 .9953781E+08   8020000E+01 -.4630E+05 -.1485E+06   .9999356 -.0020947 -.0111582
T  265  8 .9972153E+08   8020000E+01 -.1934E+06 -.2291E+05   .9999963 -.0022568  .0015193
T  266  8 .9974730E+08   8020000E+01 -.3790E+05  .2782E+05   .9999996 -.0004545 -.0007628
T  267  8 .9971902E+08   8020000E+01  .1720E+06  .2324E+06   .9999927  .0002525  .0038043
T  268  8 .9975340E+08   8020000E+01 -.6462E+05  .1802E+05   .9999952 -.0013444 -.0028093
T  269  8 .9987176E+08   8020000E+01 -.2205E+06  .7038E+05   .9999944 -.0031659  .0010949
T  270  8 .9961514E+08   8020000E+01  .2994E+05 -.2743E+05   .9999998 -.0004028 -.0004989
T  271  8 .1000515E+09   8020000E+01  .8316E+05  .2050E+05   .9999955  .0029874 -.0002321
T  272  8 .9962862E+08   8020000E+01 -.2886E+06  .2130E+06   .9999940 -.0030729  .0016169
T  273  8 .9968310E+08   8020000E+01 -.9603E+05 -.1469E+06   .9999975 -.0020154 -.0009252
T  274  8 .9964677E+08   8020000E+01  .5552E+05  .1814E+06   .9999982 -.0001195  .0018860
T  275  8 .9951058E+08   8020000E+01  .8389E+05 -.1134E+06   .9999989  .0012286  .0008747
T  276  8 .9972593E+08   8020000E+01  .2153E+06  .1500E+06   .9999916  .0036254 -.0019018
T  277  8 .9967762E+08   8020000E+01  .1240E+06 -.1178E+04   .9999955  .0029019 -.0007795
T  278  8 .9970806E+08   8020000E+01  .2621E+06 -.3857E+06   .9999716  .0035422 -.0066560
T  279  8 .9980044E+08   8020000E+01 -.2901E+06 -.7142E+05   .9999986 -.0014405 -.0008193
T  280  8 .9973164E+08   8020000E+01  .2678E+05 -.1522E+06   .9999985  .0004197 -.0016928
T  281  8 .9961673E+08   8020000E+01  .1110E+06  .7769E+05   .9999996 -.0008420 -.0004057
T  282  8 .9989014E+08   8020000E+01 -.4816E+05 -.1685E+06   .9999995  .0001776 -.0009495
T  283  8 .9989062E+08   8020000E+01 -.2050E+05  .2610E+06   .9999987 -.0008929  .0013231
T  284  8 .9945038E+08   8020000E+01 -.1839E+06  .3258E+06   .9999818 -.0036824  .0047686
T  285  8 .9980186E+08   8020000E+01 -.4998E+05  .8561E+04   .9999994 -.0009248  .0005052
T  286  8 .9989073E+08   8020000E+01 -.5247E+05 -.3627E+05   .9999990 -.0012314  .0007158
T  287  8 .9977511E+08   8020000E+01 -.7202E+05  .1105E+06   .9999996 -.0008901 -.0001851
T  288  8 .9970536E+08   8020000E+01  .1424E+06 -.3534E+05   .9999964  .0025970 -.0006260
T  289  8 .9961066E+08   8020000E+01 -.8911E+05 -.6488E+05   .9999995 -.0009662  .0002123
T  290  8 .9958546E+08   8020000E+01 -.3134E+05  .1444E+06   .9999990 -.0012868  .0006423
T  291  8 .9969510E+08   8020000E+01  .2055E+06 -.2477E+06   .9999877  .0029403 -.0039984
T  292  8 .9992702E+08   8020000E+01  .1003E+06  .9412E+05   .9999844  .0022561 -.0051172
T  293  8 .9951463E+08   8020000E+01  .6544E+05 -.4136E+05   .9999865  .0031539  .0041381
T  294  8 .9989076E+08   8020000E+01 -.3078E+05 -.3443E+05   .9999984  .0014877 -.0009674
T  295  8 .9963749E+08   8020000E+01  .2316E+05 -.6813E+04   .9999995 -.0009363 -.0003001
T  296  8 .9973563E+08   8020000E+01 -.3239E+05  .2728E+06   .9999937 -.0018374  .0030328
T  297  8 .9963596E+08   8020000E+01 -.6957E+05  .8663E+04   .9999945 -.0021480  .0025141
T  298  8 .9995720E+08   8020000E+01  .1514E+06  .1150E+06   .9999898  .0041425  .0017870
T  299  8 .9968727E+08   8020000E+01 -.3289E+05  .6701E+05   .9999942  .0027032  .0020866
T  300  8 .9969755E+08   8020000E+01 -.9070E+05 -.6603E+05   .9999997  .0007798  .0001256
T  301  8 .9962409E+08   8020000E+01 -.4139E+05  .7467E+04   .9999987 -.0016366 -.0000113
T  302  8 .9963460E+08   8020000E+01  .2303E+06  .3172E+05   .9999884  .0047563 -.0007721
T  303  8 .9970702E+08   8020000E+01  .8088E+05 -.1657E+06   .9999996 -.0007571 -.0005638
T  304  8 .9968213E+08   8020000E+01 -.2909E+05 -.2160E+06   .9999893 -.0016628 -.0043243
T  305  8 .9967287E+08   8020000E+01  .4063E+05 -.7243E+05   .9999981  .0013263  .0014351
T  306  8 .9974996E+08   8020000E+01  .5583E+05 -.3800E+06   .9999910 -.0012771 -.0040343
T  307  8 .9975531E+08   8020000E+01  .4971E+05 -.1247E+06   .9999992  .0009264  .0008444
T  308  8 .9966979E+08   8020000E+01  .2065E+06 -.1880E+06   .9999987 -.0011357 -.0011363
T  309  8 .9955414E+08   8020000E+01  .4510E+05  .3349E+05   .9999937  .0034962 -.0006021
T  310  8 .9987232E+08   8020000E+01  .1094E+06 -.6361E+05   .9999999 -.0001746  .0000235
T  311  8 .9957316E+08   8020000E+01 -.1294E+06 -.1303E+06   .9999924 -.0026206 -.0028926
T  312  8 .9975556E+08   8020000E+01 -.1661E+06 -.8963E+05   .9999952 -.0027900  .0013801
T  313  8 .9988641E+08   8020000E+01  .2158E+06  .9448E+05   .9999612  .0079211  .0038512
T  314  8 .9963465E+08   8020000E+01 -.6318E+05 -.8372E+05   .9999986 -.0001325 -.0016841
T  315  8 .9948549E+08   8020000E+01  .2369E+06 -.2111E+06   .9999914  .0010386 -.0040171
T  316  8 .9970133E+08   8020000E+01  .3425E+06  .1797E+06   .9999866  .0035131  .0038099
T  317  8 .9988283E+08   8020000E+01 -.2129E+05  .4958E+05   .9999981 -.0017140  .0008773
T  318  8 .9967240E+08   8020000E+01  .6284E+05 -.8904E+05   .9999982  .0011808 -.0014616
T  319  8 .9985381E+08   8020000E+01  .2829E+05  .1471E+06   .9999999  .0002019  .0002431
T  320  8 .9984967E+08   8020000E+01  .4384E+05  .1051E+06   .9999983  .0007845  .0016604
T  321  8 .9987099E+08   8020000E+01  .2177E+05  .2614E+04   .9999975  .0018956  .0012074
T  322  8 .9957477E+08   8020000E+01  .1009E+06  .3168E+06   .9999773  .0057712  .0034663
T  323  8 .9979268E+08   8020000E+01 -.1603E+06  .3313E+06   .9999789  .0018650  .0062298
T  324  8 .9975516E+08   8020000E+01 -.1312E+06 -.1027E+06   .9999992 -.0002513 -.0012638
T  325  8 .9962324E+08   8020000E+01 -.1111E+06 -.4471E+05   .9999985 -.0008647 -.0015083
T  326  8 .9995617E+08   8020000E+01 -.7046E+05  .8424E+05   .9999972 -.0023650 -.0001883
T  327  8 .9978934E+08   8020000E+01 -.1249E+06 -.5306E+06   .9999927 -.0009676 -.0036953
T  328  8 .9960866E+08   8020000E+01  .1409E+06 -.1029E+06   .9999866  .0047522 -.0020504
T  329  8 .9963574E+08   8020000E+01  .3189E+06  .6832E+05   .9999901  .0044570 -.0000596
T  330  8 .9979143E+08   8020000E+01 -.3748E+05 -.1045E+05   .9999983 -.0001416 -.0018488
T  331  8 .9955695E+08   8020000E+01  .1060E+06 -.2090E+05   .9999990  .0013734 -.0004231
T  332  8 .9976337E+08   8020000E+01  .9643E+05 -.6269E+04   .9999982  .0018839 -.0002141
T  333  8 .9953121E+08   8020000E+01 -.1415E+05  .2688E+05   .9999995 -.0006500  .0007429
T  334  8 .9983046E+08   8020000E+01 -.1002E+06 -.8635E+05   .9999942 -.0028449 -.0018493
T  335  8 .9964472E+08   8020000E+01 -.1397E+05 -.1291E+06   .9999970 -.0002799 -.0024139
T  336  8 .9965683E+08   8020000E+01 -.1105E+06  .1303E+05   .9999972 -.0018487  .0014634
T  337  8 .9962385E+08   8020000E+01 -.1776E+06 -.9736E+04   .9999968 -.0025307  .0001952
T  338  8 .1000697E+09   8020000E+01 -.1455E+06 -.1113E+05   .9999952 -.0031013 -.0002156
T  339  8 .9969602E+08   8020000E+01  .2097E+05  .2017E+05   .9999980  .0019777 -.0000224
T  340  8 .9951444E+08   8020000E+01 -.1019E+06 -.1017E+06   .9999790 -.0002416 -.0064711
T  341  8 .9974725E+08   8020000E+01  .1180E+06 -.3946E+06   .9999997  .0007711 -.0002195
T  342  8 .9960759E+08   8020000E+01 -.4314E+05 -.4836E+05   .9999851 -.0046238 -.0028972
T  343  8 .9967938E+08   8020000E+01 -.6884E+05  .7271E+05   .9999991 -.0011887 -.0006784
T  344  8 .9974194E+08   8020000E+01 -.3273E+06  .2558E+05   .9999894 -.0043726 -.0014742
T  345  8 .9957020E+08   8020000E+01  .3884E+05  .6700E+05   .9999955 -.0029432  .0006306
T  346  8 .9989621E+08   8020000E+01  .8750E+05  .8495E+05   .9999959  .0021748  .0018490
T  347  8 .9973480E+08   8020000E+01 -.1422E+06  .4605E+05   .9999984  .0002748  .0017690
T  348  8 .9976437E+08   8020000E+01  .6021E+05  .2362E+05   .9999983 -.0000489  .0018566
T  349  8 .9996101E+08   8020000E+01  .6257E+05 -.4885E+05   .9999876  .0022361 -.0044578
T  350  8 .9955593E+08   8020000E+01 -.5690E+05  .9919E+05   .9999927 -.0023895  .0029729
T  351  8 .9972228E+08   8020000E+01  .8558E+05 -.3385E+05   .9999964  .0005540 -.0026361
T  352  8 .9972922E+08   8020000E+01  .1872E+05 -.1169E+06   .9999966 -.0021617  .0014297
T  353  8 .9977613E+08   8020000E+01 -.2292E+06 -.5305E+05   .9999827 -.0053377 -.0024621
T  354  8 .9955415E+08   8020000E+01 -.4969E+05 -.9996E+05   .9999998  .0000661  .0005932
T  355  8 .9955928E+08   8020000E+01  .4481E+04 -.3003E+06   .9999953 -.0024540 -.0018611
T  356  8 .9972729E+08   8020000E+01 -.3907E+05 -.4499E+05   .9999998  .0005339  .0003894
T  357  8 .9981114E+08   8020000E+01  .1270E+06 -.1502E+06   .9999891  .0041638 -.0021126
T  358  8 .9978260E+08   8020000E+01 -.1197E+06 -.7155E+05   .9999944 -.0015952  .0029480
T  359  8 .9947269E+08   8020000E+01 -.8305E+05  .1640E+06   .9999889 -.0045800  .0011117
T  360  8 .9967898E+08   8020000E+01 -.1072E+06  .2272E+05   .9999950 -.0031402  .0002155
T  361  8 .9968226E+08   8020000E+01  .4467E+06 -.3567E+06   .9999841  .0048572 -.0028762
T  362  8 .9987829E+08   8020000E+01 -.1846E+05  .9778E+05   .9999989  .0014794  .0002167
T  363  8 .9996425E+08   8020000E+01 -.3914E+04 -.8839E+05   .9999951  .0015123  .0027302
T  364  8 .9999394E+08   8020000E+01 -.4622E+05  .4706E+05   .9999484 -.0059286  .0082433
T  365  8 .9940416E+08   8020000E+01 -.2125E+06  .1166E+06   .9999985 -.0010986  .0013732
T  366  8 .9948574E+08   8020000E+01  .8101E+05  .4169E+05   .9999982 -.0008919  .0016632
T  367  8 .9986094E+08   8020000E+01 -.1663E+06  .1066E+06   .9999967 -.0020408  .0015587
T  368  8 .9969328E+08   8020000E+01 -.1001E+06 -.2815E+05   .9999911 -.0033888  .0024970
T  369  8 .9953723E+08   8020000E+01  .7750E+05 -.1027E+06   .9999990 -.0007857 -.0012004
T  370  8 .9998379E+08   8020000E+01 -.4886E+05  .6850E+05   .9999998 -.0006728  .0000730
T  371  8 .9953008E+08   8020000E+01 -.9413E+05 -.3379E+05   .9999960 -.0028180  .0002573
T  372  8 .9978631E+08   8020000E+01 -.7186E+05  .2979E+05   .9999906 -.0031824  .0029399
T  373  8 .9974518E+08   8020000E+01 -.8924E+04  .3408E+05   .9999708 -.0053553  .0054472
T  374  8 .9984001E+08   8020000E+01  .1326E+05  .4342E+05   .9999995  .0001211 -.0009896
T  375  8 .9958467E+08   8020000E+01 -.1181E+06  .1577E+05   .9999951 -.0014309  .0027981
T  376  8 .9975492E+08   8020000E+01  .8693E+05 -.7894E+05   .9999994  .0010819  .0000135
T  377  8 .9986801E+08   8020000E+01  .1653E+05 -.7779E+04   .9999944  .0032411 -.0008412
T  378  8 .9948785E+08   8020000E+01 -.8659E+05  .1474E+06   .9999968  .0002806  .0025105
T  379  8 .9991188E+08   8020000E+01  .1149E+06  .1181E+06   .9999976  .0016043  .0014841
T  380  8 .9976775E+08   8020000E+01 -.2022E+06  .1057E+06   .9999945 -.0023567  .0023319
T  381  8 .9963771E+08   8020000E+01  .8306E+05  .7093E+05   .9999997  .0000606 -.0007637
T  382  8 .9986851E+08   8020000E+01 -.5215E+05  .2829E+05   .9999966  .0016089  .0020277
T  383  8 .9985770E+08   8020000E+01 -.8590E+05  .6414E+05   .9999979 -.0008123  .0018698
T  384  8 .9953532E+08   8020000E+01  .1231E+06  .2853E+06   .9999967  .0007786  .0024352
T  385  8 .9971860E+08   8020000E+01 -.2897E+05  .8224E+05   .9999943  .0012784  .0031396
T  386  8 .9967378E+08   8020000E+01 -.1986E+06  .2657E+06   .9999906 -.0032104  .0029062
T  387  8 .9974709E+08   8020000E+01 -.1084E+06  .3413E+05   .9999976 -.0021663  .0004426
T  388  8 .9981712E+08   8020000E+01  .8121E+05  .3928E+06   .9999952 -.0028259  .0012350
T  389  8 .9955211E+08   8020000E+01  .1792E+06 -.1399E+05   .9999925  .0035807 -.0014617
T  390  8 .9951834E+08   8020000E+01 -.4609E+05 -.2372E+05   .9999988 -.0014736  .0003965
T  391  8 .9953625E+08   8020000E+01 -.1160E+06  .3590E+05   .9999942 -.0028119  .0019232
T  392  8 .9957027E+08   8020000E+01  .1252E+05  .8697E+05   .9999988 -.0013929  .0006672
T  393  8 .9976570E+08   8020000E+01  .1368E+06 -.5880E+04   .9999998  .0006167 -.0000169
T  394  8 .9963271E+08   8020000E+01 -.2258E+06  .3746E+05   .9999975 -.0021887  .0005038
T  395  8 .9985237E+08   8020000E+01 -.5259E+05  .2163E+06   .9999890 -.0032060  .0034370
T  396  8 .9979668E+08   8020000E+01  .1543E+06  .1429E+05   .9999962 -.0013181 -.0024337
T  397  8 .9982241E+08   8020000E+01  .1889E+05  .7705E+05   .9999894  .0019421  .0041790
T  398  8 .9959620E+08   8020000E+01  .1646E+06 -.9328E+05   .9999652 -.0057156  .0060755
T  399  8 .9966255E+08   8020000E+01 -.7514E+05 -.1321E+06   .9999963 -.0022884 -.0014399
T  400  8 .9962720E+08   8020000E+01  .2354E+05 -.3454E+05   .9999948 -.0016270 -.0027841
T  401  8 .9974458E+08   8020000E+01 -.3501E+06 -.3334E+06   .9999794 -.0045417 -.0045446
T  402  8 .9972931E+08   8020000E+01  .1358E+06 -.1157E+06   .9999917  .0039242 -.0011311
T  403  8 .9978053E+08   8020000E+01 -.6953E+05 -.1133E+06   .9999993  .0001454 -.0011969
T  404  8 .9992135E+08   8020000E+01  .1662E+06 -.2251E+06   .9999911  .0017694 -.0038247
T  405  8 .9962291E+08   8020000E+01  .2584E+05  .3836E+05   .9999989  .0002726  .0014574
T  406  8 .9982317E+08   8020000E+01 -.3805E+05  .1221E+06   .9999970  .0006367  .0023735
T  407  8 .9979357E+08   8020000E+01  .5691E+05 -.7452E+05   .9999826  .0046377 -.0036586
T  408  8 .9993377E+08   8020000E+01 -.3414E+05  .3712E+05   .9999992  .0000566  .0012365
T  409  8 .9960096E+08   8020000E+01 -.5145E+05  .2254E+06   .9999985 -.0007050  .0015984
T  410  8 .9981482E+08   8020000E+01  .7870E+05  .1636E+05   .9999942  .0033784 -.0003914
T  411  8 .9973418E+08   8020000E+01 -.5914E+06 -.4234E+05   .9999682 -.0079724 -.0001490
T  412  8 .9975051E+08   8020000E+01  .9604E+05  .2503E+06   .9999967  .0004189  .0025516
T  413  8 .9969521E+08   8020000E+01  .1084E+06 -.9040E+05   .9999978  .0006212 -.0019887
T  414  8 .9982125E+08   8020000E+01 -.1082E+06 -.1875E+06   .9999935  .0000758 -.0035966
T  415  8 .9956667E+08   8020000E+01  .2132E+05  .3981E+05   .9999990 -.0003554 -.0013417
T  416  8 .9967526E+08   8020000E+01  .4518E+06  .6736E+06   .9999739  .0055720  .0045949
T  417  8 .9965920E+08   8020000E+01 -.3808E+04 -.7353E+05   .9999987 -.0004226 -.0015714
T  418  8 .9952238E+08   8020000E+01  .9401E+05 -.4655E+06   .9999903  .0014331 -.0041768
T  419  8 .9966371E+08   8020000E+01  .6079E+05 -.5183E+05   .9999970 -.0023876 -.0004525
T  420  8 .9973183E+08   8020000E+01  .1396E+06  .5323E+05   .9999995  .0010168  .0001204
T  421  8 .9975344E+08   8020000E+01  .1563E+05 -.4422E+05   .9999997  .0005431  .0005632
T  422  8 .9983471E+08   8020000E+01  .4950E+05 -.2281E+06   .9999976  .0014498 -.0016428
T  423  8 .9977580E+08   8020000E+01 -.7395E+05 -.2966E+05   .9999933 -.0032929 -.0016118
T  424  8 .9956987E+08   8020000E+01  .4330E+05 -.2830E+05   .9999914  .0034834 -.0022495
T  425  8 .9976236E+08   8020000E+01 -.1470E+06  .4963E+05   .9999729 -.0071687 -.0016497
T  426  8 .9962763E+08   8020000E+01  .7516E+05 -.1147E+06   .9999927  .0037677 -.0005542
T  427  8 .9969214E+08   8020000E+01  .1835E+05  .1464E+05   .9999954  .0025001  .0017329
T  428  8 .9974377E+08   8020000E+01  .2212E+06  .4521E+05   .9999941  .0031293 -.0013947
T  429  8 .9983087E+08   8020000E+01 -.1507E+05 -.5452E+05   .9999909 -.0015828  .0039592
T  430  8 .9978235E+08   8020000E+01 -.5441E+05 -.6623E+05   .9999997 -.0000605 -.0008214
T  431  8 .9957343E+08   8020000E+01  .7914E+05 -.1624E+04   .9999997 -.0003165 -.0006421
T  432  8 .9982865E+08   8020000E+01 -.1666E+06 -.1191E+06   .9999834 -.0041913 -.0039602
T  433  8 .9967216E+08   8020000E+01 -.2150E+06  .5584E+04   .9999996 -.0009037  .0002253
T  434  8 .9982610E+08   8020000E+01 -.4653E+05 -.7342E+05   .9999996 -.0006375 -.0006638
T  435  8 .9975163E+08   8020000E+01 -.7586E+05  .3023E+05   .9999927 -.0032741 -.0019499
T  436  8 .9973754E+08   8020000E+01  .1933E+06  .5693E+05   .9999979  .0012388  .0016555
T  437  8 .9979944E+08   8020000E+01 -.6147E+05 -.7527E+05   .9999996 -.0002873 -.0008950
T  438  8 .9964163E+08   8020000E+01  .4835E+06 -.7681E+06   .9999488  .0056369 -.0083991
T  439  8 .9965315E+08   8020000E+01 -.2275E+06  .1473E+06   .9999964 -.0017264  .0020421
T  440  8 .9990619E+08   8020000E+01  .2615E+05  .1097E+06   .9999990 -.0001839  .0014087
T  441  8 .9984438E+08   8020000E+01  .4272E+05  .1815E+06   .9999953  .0021349 -.0022120
T  442  8 .9986438E+08   8020000E+01  .2215E+05  .9594E+05   .9999968 -.0025069  .0003861
T  443  8 .9961336E+08   8020000E+01 -.1266E+06  .1318E+06   .9999967 -.0024372  .0008630
T  444  8 .9964504E+08   8020000E+01  .2617E+05  .7840E+04   .9999986  .0012936 -.0010981
T  445  8 .9970004E+08   8020000E+01  .2969E+06 -.1891E+06   .9999940  .0017411 -.0029922
T  446  8 .9959871E+08   8020000E+01 -.2002E+06  .8008E+05   .9999975 -.0013821  .0017609
T  447  8 .9971795E+08   8020000E+01 -.6117E+05 -.2661E+05   .9999989 -.0014595  .0000149
T  448  8 .9963699E+08   8020000E+01 -.1076E+06 -.8861E+05   .9999916 -.0040742  .0005422
T  449  8 .9956815E+08   8020000E+01  .9303E+05  .1100E+06   .9999871  .0035291  .0036560
T  450  8 .9950134E+08   8020000E+01  .6275E+05 -.9159E+05   .9999992 -.0005491 -.0011725
T  451  8 .9954053E+08   8020000E+01  .1791E+06 -.9591E+05   .9999991  .0010572 -.0008132
T  452  8 .9979901E+08   8020000E+01 -.5854E+05 -.9091E+05   .9999934  .0006311 -.0035796
T  453  8 .1000797E+09   8020000E+01  .7638E+05  .1590E+06   .9999976  .0013180  .0017355
T  454  8 .9983253E+08   8020000E+01 -.1575E+06 -.1079E+06   .9999976 -.0022089 -.0000758
T  455  8 .9985452E+08   8020000E+01 -.7453E+05 -.4473E+04   .9999992 -.0010921  .0005583
T  456  8 .9961610E+08   8020000E+01 -.1070E+06 -.3189E+05   .9999984 -.0007967 -.0016071
T  457  8 .9951011E+08   8020000E+01  .1039E+06 -.1908E+06   .9999990  .0011579 -.0008103
T  458  8 .9979825E+08   8020000E+01  .3365E+06 -.7589E+05   .9999901  .0039330 -.0020918
T  459  8 .9961242E+08   8020000E+01 -.1373E+06 -.1108E+06   .9999973 -.0001978 -.0023353
T  460  8 .9981920E+08   8020000E+01  .5322E+05 -.2994E+06   .9999851  .0019304 -.0051030
T  461  8 .9961868E+08   8020000E+01  .7384E+05  .9126E+05   .9999960  .0017110  .0022521
T  462  8 .9981266E+08   8020000E+01  .3794E+05  .2794E+05   .9999988  .0001934  .0015302
T  463  8 .9964376E+08   8020000E+01  .1635E+05 -.1954E+04   .9999985 -.0011211 -.0012898
T  464  8 .9956297E+08   8020000E+01 -.1401E+05  .5972E+05   .9999999  .0004236 -.0002120
T  465  8 .9927076E+08   8020000E+01 -.1814E+06  .1552E+06   .9999924 -.0032132  .0022154
T  466  8 .9961867E+08   8020000E+01 -.5776E+05  .3146E+05   .9999962  .0027248 -.0004080
T  467  8 .9965844E+08   8020000E+01 -.1110E+06  .3000E+06   .9999931 -.0005292  .0036682
T  468  8 .9967198E+08   8020000E+01 -.9326E+04 -.1719E+06   .9999596 -.0089860 -.0000557
T  469  8 .9965891E+08   8020000E+01 -.4727E+05 -.4866E+05   .9999962 -.0007288  .0026747
T  470  8 .9963752E+08   8020000E+01  .1240E+06 -.5439E+05   .9999991 -.0006222 -.0011540
T  471  8 .9987002E+08   8020000E+01  .1631E+06 -.5152E+05   .9999971  .0022771 -.0007598
T  472  8 .9985232E+08   8020000E+01  .3083E+05 -.1313E+06   .9999942  .0006081 -.0033574
T  473  8 .9967027E+08   8020000E+01 -.3095E+05 -.1069E+06   .9999958  .0001340 -.0028863
T  474  8 .9950948E+08   8020000E+01 -.4216E+05  .8360E+05   .9999949 -.0022630  .0022541
T  475  8 .9978457E+08   8020000E+01  .1760E+04  .3789E+05   .9999983  .0003438  .0018053
T  476  8 .9995559E+08   8020000E+01 -.5653E+05  .5408E+04   .9999905 -.0034818 -.0026115
T  477  8 .9989436E+08   8020000E+01 -.2501E+06 -.1891E+06   .9999905 -.0041506 -.0013535
T  478  8 .9944006E+08   8020000E+01  .3421E+05  .1411E+06   .9999743 -.0070458  .0013065
T  479  8 .9985317E+08   8020000E+01 -.3293E+06  .1121E+06   .9999912 -.0039780  .0013235
T  480  8 .9951478E+08   8020000E+01  .1034E+06 -.5197E+04   .9999933  .0036449 -.0004471
T  481  8 .9969229E+08   8020000E+01 -.1147E+06 -.7892E+05   .9999944 -.0023607 -.0023536
T  482  8 .9968351E+08   8020000E+01 -.2077E+06  .5411E+05   .9999951 -.0030183  .0008701
T  483  8 .1000630E+09   8020000E+01  .9986E+05 -.2163E+06   .9999950 -.0008231 -.0030567
T  484  8 .9945396E+08   8020000E+01 -.2368E+05  .6098E+05   .9999995  .0007822 -.0005932
T  485  8 .9969464E+08   8020000E+01 -.4770E+05  .2571E+06   .9999875 -.0000114  .0049901
T  486  8 .9967252E+08   8020000E+01  .4319E+05  .1155E+06   .9999982  .0004963  .0018393
T  487  8 .9973210E+08   8020000E+01  .4214E+06 -.4086E+06   .9999697  .0061252 -.0048102
T  488  8 .9969608E+08   8020000E+01  .7590E+05 -.4538E+05   .9999988  .0007324 -.0013517
T  489  8 .9961450E+08   8020000E+01  .1386E+06  .3733E+05   .9999942  .0032080  .0011825
T  490  8 .9977437E+08   8020000E+01  .9195E+05 -.1093E+06   .9999992 -.0001307  .0012906
T  491  8 .9963472E+08   8020000E+01 -.7115E+06  .3089E+06   .9999558 -.0077786  .0052828
T  492  8 .9982349E+08   8020000E+01 -.1730E+05  .1406E+06   .9999907  .0042098  .0009783
T  493  8 .9985365E+08   8020000E+01  .1779E+06  .7754E+05   .9999971  .0018512  .0015354
T  494  8 .9989264E+08   8020000E+01 -.1756E+05  .1770E+06   .9999964 -.0007309  .0025850
T  495  8 .9958393E+08   8020000E+01  .1145E+06 -.7950E+05   .9999265  .0008501 -.0120959
T  496  8 .9976583E+08   8020000E+01 -.9997E+05 -.5333E+05   .9999912 -.0026594 -.0032304
T  497  8 .9964808E+08   8020000E+01 -.1235E+06 -.5281E+05   .9999730 -.0070998 -.0019063
T  498  8 .9945321E+08   8020000E+01  .5829E+05  .9003E+05   .9999952  .0017186  .0025759
T  499  8 .9966187E+08   8020000E+01  .1658E+06  .1587E+05   .9999909  .0009264 -.0041646
T  500  8 .9985329E+08   8020000E+01  .2673E+05 -.1950E+06   .9999929  .0017010 -.0033728
T  501  8 .9962184E+08   8020000E+01 -.7622E+05 -.5887E+05   .9999972 -.0020917  .0011287
T  502  8 .9982587E+08   8020000E+01 -.1795E+06  .1556E+05   .9999743 -.0061950  .0036216
T  503  8 .9951952E+08   8020000E+01 -.2565E+05 -.1939E+06   .9999998 -.0004736 -.0004114
T  504  8 .9959959E+08   8020000E+01  .6915E+05 -.2783E+06   .9999923  .0021092 -.0033201
T  505  8 .9959949E+08   8020000E+01 -.1029E+06  .7226E+05   .9999979 -.0019180  .0007155
T  506  8 .9986555E+08   8020000E+01 -.6771E+05 -.7125E+05   .9999983 -.0017389 -.0005650
T  507  8 .9966785E+08   8020000E+01 -.2364E+06 -.3737E+05   .9999932 -.0033573 -.0015498
T  508  8 .9981725E+08   8020000E+01  .4019E+06 -.8873E+05   .9999841  .0055884  .0008164
T  509  8 .9974027E+08   8020000E+01 -.5497E+05  .7369E+05   .9999968  .0013299  .0021310
T  510  8 .9970454E+08   8020000E+01  .2287E+06 -.2236E+05   .9999872  .0046550 -.0019649
T  511  8 .9931089E+08   8020000E+01  .6036E+05 -.7388E+05   .9999998  .0001780 -.0006639
T  512  8 .9979140E+08   8020000E+01 -.7620E+05 -.6345E+05   .9999999 -.0000104 -.0005120
T  513  8 .9971974E+08   8020000E+01  .4227E+05  .5178E+05   .9999983  .0008255  .0016503
T  514  8 .9957440E+08   8020000E+01 -.2850E+06  .2137E+06   .9999913 -.0036429  .0020396
T  515  8 .9966529E+08   8020000E+01  .7422E+05 -.2002E+06   .9999955 -.0000381 -.0029939
T  516  8 .9976711E+08   8020000E+01  .1513E+05 -.2819E+06   .9999889 -.0001642 -.0047166
T  517  8 .9975378E+08   8020000E+01  .1430E+06  .6642E+05   .9999987  .0015826  .0002666
T  518  8 .9977347E+08   8020000E+01  .1081E+06  .3173E+05   .9999981  .0000065 -.0019459
T  519  8 .9970198E+08   8020000E+01 -.1659E+06  .1950E+06   .9999863 -.0034747  .0039249
T  520  8 .9961585E+08   8020000E+01 -.2764E+06 -.1222E+05   .9999963 -.0017735 -.0020739
T  521  8 .9973392E+08   8020000E+01  .1117E+06 -.6688E+05   .9999971  .0014599 -.0018917
T  522  8 .9959619E+08   8020000E+01  .4190E+05 -.1011E+06   .9999981 -.0003764 -.0019071
T  523  8 .9968283E+08   8020000E+01  .1141E+06 -.1351E+06   .9999952  .0025108 -.0018361
T  524  8 .9968719E+08   8020000E+01 -.6594E+05  .2136E+06   .9999974 -.0000943  .0022865
T  525  8 .9979052E+08   8020000E+01 -.1216E+06 -.5713E+05   .9999957 -.0005142  .0028828
T  526  8 .9992891E+08   8020000E+01  .1095E+06  .1264E+06   .9999983  .0016238  .0009252
T  527  8 .9992931E+08   8020000E+01  .1651E+06  .5574E+05   .9999977  .0021275 -.0000935
T  528  8 .9948516E+08   8020000E+01  .1047E+06  .7256E+05   .9999992  .0009830 -.0008021
T  529  8 .9973608E+08   8020000E+01  .1001E+06 -.2112E+06   .9999951  .0020201 -.0024040
T  530  8 .9968277E+08   8020000E+01  .6429E+05  .2041E+06   .9999659  .0018301  .0080492
T  531  8 .9968916E+08   8020000E+01 -.2925E+05  .1263E+06   .9999906 -.0034385  .0026502
T  532  8 .9959833E+08   8020000E+01  .1360E+07  .5218E+06   .9998264  .0171313  .0073243
T  533  8 .9963030E+08   8020000E+01  .1021E+06 -.2041E+06   .9999952  .0023072 -.0020917
T  534  8 .9979023E+08   8020000E+01 -.4493E+05  .1029E+05   .9999999 -.0003603  .0000296
T  535  8 .9957677E+08   8020000E+01 -.8882E+05  .4097E+06   .9999827 -.0003365  .0058652
T  536  8 .9963982E+08   8020000E+01  .4381E+05  .9136E+05   .9999838  .0028476  .0049228
T  537  8 .9994429E+08   8020000E+01 -.1491E+06  .9142E+05   .9999942  .0010758  .0032180
T  538  8 .9969147E+08   8020000E+01  .1156E+06 -.1167E+06   .9999909 -.0017763 -.0038865
T  539  8 .9967713E+08   8020000E+01 -.4706E+04  .1269E+06   .9999953  .0002476  .0030553
T  540  8 .9998959E+08   8020000E+01 -.6461E+05 -.3605E+04   .9999980 -.0018260  .0008069
T  541  8 .9977395E+08   8020000E+01  .6554E+05 -.6691E+05   .9999989  .0014699 -.0000171
T  542  8 .9970099E+08   8020000E+01  .4205E+05 -.3622E+05   .9999985 -.0000258  .0017461
T  543  8 .9964343E+08   8020000E+01  .1105E+06 -.9151E+04   .9999963  .0022386  .0015472
T  544  8 .9975293E+08   8020000E+01 -.3633E+05 -.6715E+05   .9999971 -.0023981  .0000274
T  545  8 .9960107E+08   8020000E+01  .6343E+05 -.2452E+05   .9999988  .0013394 -.0008401
T  546  8 .9962599E+08   8020000E+01 -.4770E+05 -.9147E+05   .9999998 -.0000469 -.0006945
T  547  8 .9973615E+08   8020000E+01  .1079E+06  .7585E+05   .9999991  .0002577  .0013208
T  548  8 .9976296E+08   8020000E+01 -.2137E+06 -.2064E+06   .9999933  .0007746 -.0035686
T  549  8 .9998213E+08   8020000E+01  .1321E+06 -.5085E+05   .9999972  .0003152 -.0023653
T  550  8 .9962766E+08   8020000E+01  .7439E+05  .5645E+05   .9999945  .0013547  .0030270
T  551  8 .9961334E+08   8020000E+01  .3529E+05  .6570E+05   .9999949  .0009078  .0030551
T  552  8 .9974254E+08   8020000E+01 -.5545E+05 -.8277E+05   .9999997 -.0007795  .0002762
T  553  8 .9948744E+08   8020000E+01 -.2062E+05 -.3911E+05   .9999933 -.0030824  .0019600
T  554  8 .9962225E+08   8020000E+01  .7051E+05  .5326E+05   .9999865 -.0001457 -.0051973
T  555  8 .9933468E+08   8020000E+01 -.2701E+05 -.4791E+06   .9999895 -.0003102 -.0045662
T  556  8 .9998112E+08   8020000E+01  .3407E+05  .2545E+05   .9999995 -.0003561 -.0009650
T  557  8 .9967521E+08   8020000E+01 -.2031E+06  .5998E+05   .9999759 -.0054694  .0042796
T  558  8 .9967109E+08   8020000E+01 -.9936E+04  .9548E+05   .9999407 -.0031199  .0104325
T  559  8 .9974178E+08   8020000E+01 -.7563E+05  .5466E+05   .9999955 -.0004476  .0029544
T  560  8 .9963264E+08   8020000E+01  .1447E+06  .8531E+05   .9999992  .0007785  .0009579
T  561  8 .9985298E+08   8020000E+01  .9909E+05  .1131E+06   .9999975  .0017563  .0013817
T  562  8 .9986049E+08   8020000E+01  .1181E+06 -.4781E+05   .9999982  .0006533 -.0017563
T  563  8 .9970911E+08   8020000E+01 -.5244E+05  .4921E+05   .9999985 -.0004944  .0016357
T  564  8 .9958694E+08   8020000E+01  .1650E+06 -.8886E+05   .9999962  .0018668 -.0020235
T  565  8 .9962385E+08   8020000E+01 -.2666E+06 -.3863E+05   .9999949 -.0026183 -.0018302
T  566  8 .9950752E+08   8020000E+01  .2161E+06 -.1348E+06   .9999682  .0051729 -.0060703
T  567  8 .9965746E+08   8020000E+01  .2283E+06 -.3393E+06   .9999900  .0017784 -.0041125
T  568  8 .9976102E+08   8020000E+01  .5672E+05  .1682E+06   .9999996  .0009043 -.0001416
T  569  8 .9964084E+08   8020000E+01 -.2799E+05  .5986E+05   .9999985 -.0003577 -.0016817
T  570  8 .9983089E+08   8020000E+01  .2302E+06  .3207E+06   .9999892  .0014100  .0044223
T  571  8 .9951262E+08   8020000E+01  .3948E+05 -.5585E+06   .9999950 -.0021251 -.0023271
T  572  8 .9984996E+08   8020000E+01  .8609E+04 -.7795E+05   .9999976 -.0019909 -.0009339
T  573  8 .9978139E+08   8020000E+01 -.7075E+05 -.1430E+06   .9999960 -.0018787 -.0021172
T  574  8 .9996772E+08   8020000E+01 -.2123E+06  .2046E+06   .9999904 -.0018147  .0039802
T  575  8 .9969474E+08   8020000E+01  .8226E+04  .3933E+06   .9999814  .0018000  .0058282
T  576  8 .9947930E+08   8020000E+01 -.2134E+06 -.1163E+06   .9999944 -.0020377 -.0026425
T  577  8 .9965406E+08   8020000E+01 -.1110E+06 -.6246E+05   .9999954 -.0010977  .0028339
T  578  8 .9993962E+08   8020000E+01  .1471E+06  .4025E+04   .9999999  .0004702 -.0001722
T  579  8 .9959809E+08   8020000E+01 -.8013E+05  .1797E+05   .9999980 -.0013233  .0015241
T  580  8 .9971771E+08   8020000E+01 -.2476E+04 -.5676E+05   .9999986 -.0016418 -.0002509
T  581  8 .9948877E+08   8020000E+01 -.1675E+06  .3815E+06   .9999722 -.0049868  .0055348
T  582  8 .9964262E+08   8020000E+01 -.2924E+05  .1292E+05   .9999999 -.0002094 -.0001833
T  583  8 .9968252E+08   8020000E+01  .8976E+05 -.8373E+04   .9999965  .0026114 -.0003553
T  584  8 .9995512E+08   8020000E+01  .4250E+04 -.5445E+05   .9999994  .0008702  .0007056
T  585  8 .9988893E+08   8020000E+01  .1643E+06  .2525E+05   .9999932  .0036104 -.0007883
T  586  8 .9994836E+08   8020000E+01 -.9611E+05 -.2254E+06   .9999964 -.0023250 -.0013356
T  587  8 .9968756E+08   8020000E+01 -.2545E+04 -.3486E+05   .9999996  .0006696  .0005274
T  588  8 .9964224E+08   8020000E+01 -.3888E+05 -.4675E+05   .9999971 -.0023990 -.0003293
T  589  8 .9978816E+08   8020000E+01  .2242E+06 -.8475E+05   .9999928  .0033445 -.0017974
T  590  8 .9940434E+08   8020000E+01  .2478E+06  .1004E+06   .9999927  .0023423  .0030336
T  591  8 .9961119E+08   8020000E+01  .8789E+05 -.2833E+04   .9999995  .0004957 -.0009104
T  592  8 .9975792E+08   8020000E+01  .1365E+06  .1154E+05   .9999826  .0056464  .0017362
T  593  8 .9943607E+08   8020000E+01  .4736E+05 -.5368E+05   .9999470 -.0002000 -.0102925
T  594  8 .9953099E+08   8020000E+01 -.7002E+05 -.4278E+05   .9999902  .0020882 -.0039138
T  595  8 .9982805E+08   8020000E+01 -.1683E+06 -.1883E+06   .9999982 -.0017819 -.0007172
T  596  8 .1000306E+09   8020000E+01  .1978E+05 -.2944E+06   .9999947 -.0029386 -.0014113
T  597  8 .9934860E+08   8020000E+01  .4831E+05  .1062E+06   .9999977  .0018400 -.0010713
T  598  8 .1000097E+09   8020000E+01 -.4873E+05  .4786E+05   .9999973 -.0018136  .0014727
T  599  8 .9967300E+08   8020000E+01 -.1262E+06 -.6581E+05   .9999929 -.0037677  .0000302
T  600  8 .9971591E+08   8020000E+01 -.4428E+04 -.4002E+05   .9999989 -.0012035  .0008135
T  601  8 .9959456E+08   8020000E+01  .1189E+06  .4292E+05   .9999958  .0021062 -.0019697
T  602  8 .9464745E+08   8020000E+01  .1196E+08 -.7049E+06   .9885696  .1505355 -.0083136
T  603  8 .9965986E+08   8020000E+01  .1143E+06 -.1667E+06   .9999899  .0043665 -.0010215
T  604  8 .9963390E+08   8020000E+01 -.8167E+05  .8792E+05   .9999995 -.0009950 -.0000177
T  605  8 .9974825E+08   8020000E+01 -.2100E+05 -.7644E+05   .9999999 -.0001281 -.0001833
T  606  8 .9938839E+08   8020000E+01 -.1803E+06  .7725E+05   .9999983 -.0016513  .0008502
T  607  8 .9972312E+08   8020000E+01 -.3431E+05 -.1026E+05   .9999994  .0009127  .0006662
T  608  8 .9958180E+08   8020000E+01 -.1397E+05  .5413E+05   .9999838  .0023016 -.0051991
T  609  8 .9959116E+08   8020000E+01  .6190E+05  .1701E+06   .9999879  .0013366  .0047302
T  610  8 .9948760E+08   8020000E+01 -.1863E+06 -.9108E+05   .9999981 -.0007899 -.0017802
T  611  8 .9986689E+08   8020000E+01  .7595E+05  .9984E+05   .9999973 -.0000316  .0023050
T  612  8 .9966358E+08   8020000E+01  .5886E+05  .8270E+05   .9999992 -.0001798  .0012806
T  613  8 .9965789E+08   8020000E+01  .1467E+05 -.2765E+05   .9999992 -.0010937 -.0005542
T  614  8 .9946377E+08   8020000E+01 -.1335E+06 -.5126E+05   .9999921 -.0025828 -.0030259
T  615  8 .9995839E+08   8020000E+01 -.2554E+06  .2902E+06   .9999900 -.0035278  .0027644
T  616  8 .9970189E+08   8020000E+01  .1671E+06 -.5959E+05   .9999821  .0059577 -.0005706
T  617  8 .9976267E+08   8020000E+01  .1914E+05  .6425E+05   .9999999  .0000417 -.0002140
T  618  8 .9939844E+08   8020000E+01 -.9546E+05 -.7252E+05   .9999917 -.0023977 -.0032863
T  619  8 .9957545E+08   8020000E+01  .5945E+05 -.9105E+04   .9999997 -.0007687  .0000836
T  620  8 .9967113E+08   8020000E+01 -.1149E+06  .2304E+06   .9999912 -.0008854  .0040900
T  621  8 .9948903E+08   8020000E+01  .9344E+05  .1154E+06   .9999978  .0006830  .0019949
T  622  8 .9963004E+08   8020000E+01  .5313E+05 -.2974E+05   .9999998  .0004711 -.0004993
T  623  8 .9955321E+08   8020000E+01  .1056E+05  .1297E+06   .9999999  .0004064  .0000042
T  624  8 .9955943E+08   8020000E+01 -.8217E+05  .2278E+05   .9999977  .0005961 -.0020821
T  625  8 .9962072E+08   8020000E+01  .7370E+05 -.1530E+06   .9999978  .0016189 -.0013673
T  626  8 .9991275E+08   8020000E+01  .1389E+05  .6938E+05   .9999960  .0027928  .0004423
T  627  8 .9979407E+08   8020000E+01  .5317E+05 -.4733E+05   .9999969  .0023849  .0007085
T  628  8 .9989144E+08   8020000E+01 -.2701E+06  .4686E+05   .9999929 -.0037509 -.0002080
T  629  8 .9961470E+08   8020000E+01  .1529E+06 -.3471E+04   .9999786  .0050097 -.0042165
T  630  8 .9964092E+08   8020000E+01  .9511E+05 -.2693E+06   .9999900  .0012232 -.0043120
T  631  8 .9964680E+08   8020000E+01 -.1259E+05 -.3551E+05   .9999961  .0027588 -.0003971
T  632  8 .9973729E+08   8020000E+01  .7303E+05 -.4312E+05   .9999992  .0012452  .0000248
T  633  8 .9963727E+08   8020000E+01 -.1069E+06  .1339E+06   .9999898 -.0030686  .0033019
T  634  8 .9950656E+08   8020000E+01 -.4485E+05 -.2603E+06   .9999917 -.0013483 -.0038393
T  635  8 .9928032E+08   8020000E+01  .1929E+06  .2397E+06   .9999854  .0038261  .0038091
T  636  8 .9985760E+08   8020000E+01  .2000E+05 -.8844E+05   .9999987 -.0013648  .0008261
T  637  8 .9976474E+08   8020000E+01 -.1737E+05  .1207E+06   .9999922 -.0010986  .0037843
T  638  8 .9970171E+08   8020000E+01 -.2495E+06 -.1122E+06   .9999993 -.0011333 -.0002957
T  639  8 .1000408E+09   8020000E+01  .1824E+06  .2212E+05   .9999986  .0013023  .0010056
T  640  8 .9947204E+08   8020000E+01  .9236E+04 -.4088E+05   .9999999  .0000534 -.0000213
T  641  8 .9971775E+08   8020000E+01  .1242E+06 -.2511E+06   .9999791  .0043328 -.0047911
T  642  8 .9968620E+08   8020000E+01  .1527E+06 -.2608E+06   .9999906  .0003998 -.0043162
T  643  8 .9967433E+08   8020000E+01  .2925E+05 -.5906E+05   .9999886  .0003718 -.0047636
T  644  8 .1000236E+09   8020000E+01 -.1710E+05  .2388E+05   .9999999  .0002440  .0001301
T  645  8 .9963028E+08   8020000E+01  .5038E+05 -.2133E+06   .9999969  .0022134  .0011096
T  646  8 .9966589E+08   8020000E+01  .1126E+06 -.2388E+05   .9999872  .0050521 -.0002739
T  647  8 .9978208E+08   8020000E+01 -.1129E+04  .6717E+05   .9999927  .0012989  .0035889
T  648  8 .9978447E+08   8020000E+01 -.2679E+04  .2606E+06   .9999969  .0002157  .0024707
T  649  8 .9982640E+08   8020000E+01  .1376E+05 -.1421E+06   .9999980 -.0000649 -.0020169
T  650  8 .9971927E+08   8020000E+01 -.1577E+06  .5517E+06   .9999777 -.0016050  .0064810
T  651  8 .9962711E+08   8020000E+01  .1201E+06 -.3388E+05   .9999985  .0016723  .0004109
T  652  8 .9957497E+08   8020000E+01  .1812E+06 -.6105E+05   .9999857  .0052098  .0012123
T  653  8 .9998263E+08   8020000E+01  .5340E+05 -.8369E+05   .9999991  .0005038 -.0012451
T  654  8 .9984943E+08   8020000E+01  .1454E+05 -.2034E+06   .9999984 -.0001898 -.0017802
T  655  8 .9995390E+08   8020000E+01 -.6635E+05  .4436E+05   .9999965 -.0003978  .0026173
T  656  8 .9955909E+08   8020000E+01  .6749E+05 -.1604E+06   .9999631 -.0050279 -.0069637
T  657  8 .9968386E+08   8020000E+01 -.5042E+05  .3397E+06   .9999918 -.0018895  .0035732
T  658  8 .9953394E+08   8020000E+01  .1290E+05 -.2358E+06   .9999964  .0000160 -.0026973
T  659  8 .9979605E+08   8020000E+01  .5694E+05  .3465E+05   .9999980 -.0001934 -.0020061
T  660  8 .9996093E+08   8020000E+01  .1763E+05  .5756E+05   .9999986  .0014565  .0008229
T  661  8 .9991227E+08   8020000E+01 -.3022E+04 -.7943E+05   .9999991  .0011288 -.0006915
T  662  8 .9983210E+08   8020000E+01 -.8699E+05  .1747E+06   .9999989  .0008247  .0012082
T  663  8 .9948520E+08   8020000E+01  .2482E+05  .6329E+05   .9999888  .0005922  .0047031
T  664  8 .9950295E+08   8020000E+01 -.1328E+06  .6940E+04   .9999983 -.0017742  .0005495
T  665  8 .9965128E+08   8020000E+01  .2542E+05 -.1178E+06   .9999971 -.0012861 -.0020507
T  666  8 .9981887E+08   8020000E+01 -.2963E+05  .1587E+06   .9999940  .0027155  .0021476
T  667  8 .9985179E+08   8020000E+01  .8174E+05 -.8824E+05   .9999999  .0002009  .0001066
T  668  8 .9962272E+08   8020000E+01 -.8903E+05 -.2482E+05   .9999980 -.0006814 -.0019017
T  669  8 .9968473E+08   8020000E+01 -.3684E+05  .8761E+05   .9999972 -.0001996  .0023572
T  670  8 .9969888E+08   8020000E+01  .5691E+04 -.2850E+06   .9999942 -.0007369 -.0033218
T  671  8 .9972608E+08   8020000E+01  .2647E+06 -.1436E+05   .9999891  .0043026  .0018143
T  672  8 .9968008E+08   8020000E+01 -.1287E+06 -.1792E+06   .9999929 -.0020304 -.0031777
T  673  8 .1000420E+09   8020000E+01 -.1709E+06  .3495E+06   .9999911 -.0021920  .0036116
T  674  8 .9952816E+08   8020000E+01  .9677E+04 -.9512E+05   .9999854  .0018100 -.0050849
T  675  8 .9978207E+08   8020000E+01 -.2717E+06 -.3009E+06   .9999924 -.0034301 -.0018707
T  676  8 .9957208E+08   8020000E+01 -.2544E+06  .2798E+05   .9999859 -.0023435  .0047654
T  677  8 .9966038E+08   8020000E+01 -.1872E+05 -.1323E+05   .9999928 -.0016604  .0034005
T  678  8 .9982172E+08   8020000E+01 -.6295E+05 -.9184E+05   .9999947 -.0005238 -.0032131
T  679  8 .9967931E+08   8020000E+01  .1064E+06 -.7773E+05   .9999980  .0005537  .0019157
T  680  8 .9965563E+08   8020000E+01  .6576E+04  .1551E+05   .9999853  .0030908 -.0044440
T  681  8 .9968401E+08   8020000E+01  .9082E+05  .9561E+05   .9999980 -.0009322  .0017937
T  682  8 .9968856E+08   8020000E+01 -.4306E+05 -.2801E+06   .9999941 -.0011338 -.0032430
T  683  8 .9966352E+08   8020000E+01 -.1064E+05 -.6150E+05   .9999976  .0020418 -.0007977
T  684  8 .9953971E+08   8020000E+01  .2722E+05 -.1412E+06   .9999955  .0008034 -.0028748
T  685  8 .9964720E+08   8020000E+01  .5135E+05 -.6090E+05   .9999988 -.0002616 -.0015345
T  686  8 .9971151E+08   8020000E+01  .1435E+06  .5472E+05   .9999996 -.0007995  .0003587
T  687  8 .9972882E+08   8020000E+01 -.3611E+06  .4637E+06   .9999579 -.0055331  .0073190
T  688  8 .9979950E+08   8020000E+01  .7489E+05 -.1288E+06   .9999948 -.0002747 -.0032059
T  689  8 .9993719E+08   8020000E+01 -.5074E+05  .1204E+05   .9999963  .0019204 -.0019023
T  690  8 .9978995E+08   8020000E+01 -.1479E+06  .1571E+06   .9999998 -.0003178  .0005137
T  691  8 .9982786E+08   8020000E+01  .2421E+06 -.5513E+05   .9999973  .0010872  .0020650
T  692  8 .9973756E+08   8020000E+01  .2919E+05  .1484E+06   .9999984 -.0002789  .0017890
T  693  8 .9971174E+08   8020000E+01  .5976E+05  .1075E+06   .9999993  .0007026  .0009674
T  694  8 .9967638E+08   8020000E+01  .5523E+05  .1809E+06   .9999993 -.0005881  .0010280
T  695  8 .9976648E+08   8020000E+01 -.1535E+06  .1100E+06   .9999821 -.0058776  .0011524
T  696  8 .9961838E+08   8020000E+01  .1478E+06 -.1202E+06   .9999966  .0010854 -.0023768
T  697  8 .9968623E+08   8020000E+01  .2335E+05  .2375E+05   .9999993 -.0003256 -.0011036
T  698  8 .9961547E+08   8020000E+01  .5284E+05 -.5013E+05   .9999947  .0021621 -.0024224
T  699  8 .9979711E+08   8020000E+01  .3865E+05  .1140E+06   .9999990 -.0002441  .0014246
T  700  8 .9977845E+08   8020000E+01  .1429E+06  .2815E+06   .9999926  .0021772  .0031633
T  701  8 .9985416E+08   8020000E+01 -.3717E+05  .7452E+05   .9999985  .0008674  .0015128
T  702  8 .9946232E+08   8020000E+01  .7425E+05 -.2101E+06   .9999933  .0019326 -.0031237
T  703  8 .9961831E+08   8020000E+01 -.1269E+06 -.1078E+06   .9999576 -.0062127 -.0067933
T  704  8 .9948387E+08   8020000E+01  .2587E+06  .2068E+05   .9999504  .0021565  .0097190
T  705  8 .9962951E+08   8020000E+01  .7106E+05 -.7581E+04   .9999991  .0013102  .0000444
T  706  8 .9990680E+08   8020000E+01  .2244E+06 -.2546E+06   .9999919  .0040199 -.0003695
T  707  8 .9977144E+08   8020000E+01  .1159E+06 -.2574E+06   .9999946  .0022696 -.0023818
T  708  8 .9972768E+08   8020000E+01  .1320E+06  .2510E+05   .9999964  .0023988  .0011904
T  709  8 .9962171E+08   8020000E+01  .3790E+05  .2746E+05   .9999997  .0007258 -.0000103
T  710  8 .1001261E+09   8020000E+01 -.3745E+05  .1302E+05   .9999993  .0006411  .0009779
T  711  8 .9971348E+08   8020000E+01  .1530E+06  .4974E+04   .9999987  .0015860  .0000210
T  712  8 .9941630E+08   8020000E+01 -.1173E+05  .2041E+06   .9999960  .0009980  .0026600
T  713  8 .9961728E+08   8020000E+01 -.3080E+06 -.2003E+06   .9999803 -.0051520 -.0035821
T  714  8 .9961873E+08   8020000E+01 -.7430E+05  .2042E+06   .9999980 -.0006824  .0018925
T  715  8 .9961337E+08   8020000E+01 -.8060E+05  .9279E+05   .9999970 -.0024568 -.0001081
T  716  8 .9971586E+08   8020000E+01  .1809E+06  .1118E+06   .9999972 -.0013715  .0019375
T  717  8 .9977543E+08   8020000E+01 -.1189E+06 -.1292E+06   .9999960 -.0007678 -.0027182
T  718  8 .9970085E+08   8020000E+01 -.2262E+06  .3748E+05   .9999933 -.0034393 -.0012203
T  719  8 .9968481E+08   8020000E+01  .6623E+05 -.1597E+06   .9999920  .0018124 -.0035737
T  720  8 .9989951E+08   8020000E+01  .4003E+05 -.1672E+05   .9999961 -.0024333 -.0014010
T  721  8 .9977436E+08   8020000E+01  .1215E+06  .5912E+05   .9999987  .0011212 -.0011833
T  722  8 .9952280E+08   8020000E+01 -.8844E+05 -.9733E+05   .9999987 -.0001775 -.0016024
T  723  8 .9963780E+08   8020000E+01  .1319E+06  .1291E+06   .9999934  .0035399  .0008292
T  724  8 .9983046E+08   8020000E+01  .8425E+05 -.2970E+05   .9999980  .0019983  .0001522
T  725  8 .9973176E+08   8020000E+01 -.7500E+05  .2015E+05   .9999994 -.0010197 -.0003957
T  726  8 .9955447E+08   8020000E+01  .9627E+05  .1056E+06   .9999996 -.0009054  .0000879
T  727  8 .9979268E+08   8020000E+01 -.4540E+06 -.1019E+05   .9999781 -.0062325  .0022471
T  728  8 .9950857E+08   8020000E+01 -.2481E+05 -.4867E+05   .9999997  .0007984  .0000215
T  729  8 .9976993E+08   8020000E+01  .1830E+05  .2877E+05   .9999936  .0035427  .0005734
T  730  8 .9959041E+08   8020000E+01 -.9610E+05 -.1011E+06   .9999997 -.0008187  .0000854
T  731  8 .9937938E+08   8020000E+01 -.3226E+06  .1274E+06   .9999948 -.0020561  .0024874
T  732  8 .9962463E+08   8020000E+01 -.2352E+06 -.1214E+06   .9999869 -.0050398 -.0008753
T  733  8 .9973060E+08   8020000E+01 -.2083E+05  .3871E+05   .9999990 -.0013602  .0004772
T  734  8 .9968738E+08   8020000E+01 -.1333E+06 -.4832E+04   .9999864 -.0013458 -.0050303
T  735  8 .9977401E+08   8020000E+01  .1025E+04  .2678E+06   .9999728 -.0029481  .0067632
T  736  8 .9960302E+08   8020000E+01 -.1507E+06  .4659E+06   .9999686 -.0041490  .0067543
T  737  8 .9970525E+08   8020000E+01  .2222E+05  .1625E+06   .9999954  .0028684 -.0009488
T  738  8 .9968704E+08   8020000E+01 -.9531E+04  .5562E+05   .9999959  .0028491  .0001076
T  739  8 .9959664E+08   8020000E+01  .7335E+04 -.4093E+05   .9999988  .0011247 -.0010185
T  740  8 .9949873E+08   8020000E+01  .5284E+05 -.1311E+06   .9999970  .0015652 -.0018864
T  741  8 .9990778E+08   8020000E+01 -.2140E+05 -.5238E+05   .9999967  .0020253 -.0015535
T  742  8 .9960116E+08   8020000E+01  .5673E+05 -.1699E+06   .9999970  .0020783 -.0013116
T  743  8 .9970012E+08   8020000E+01 -.6492E+05 -.1401E+06   .9999987 -.0008931 -.0013738
T  744  8 .9962561E+08   8020000E+01 -.6651E+05 -.1389E+06   .9999940 -.0009996 -.0033227
T  745  8 .9955010E+08   8020000E+01 -.3981E+06 -.2558E+06   .9999945 -.0015559 -.0029243
T  746  8 .9948875E+08   8020000E+01  .1431E+07 -.1201E+07   .9997341  .0174869 -.0150299
T  747  8 .9983153E+08   8020000E+01  .1091E+06  .1172E+05   .9999995 -.0003768  .0009262
T  748  8 .9985557E+08   8020000E+01  .3815E+05  .1612E+06   .9999929  .0029021  .0023960
T  749  8 .9969211E+08   8020000E+01 -.1321E+06 -.1614E+06   .9999858 -.0037930 -.0037326
T  750  8 .9966937E+08   8020000E+01 -.1788E+06  .6092E+05   .9999954 -.0030346  .0002486
T  751  8 .9966125E+08   8020000E+01  .1124E+06  .1194E+06   .9999954 -.0005332  .0029750
T  752  8 .9981680E+08   8020000E+01  .2978E+05 -.6323E+05   .9999988  .0010156 -.0011612
T  753  8 .9995969E+08   8020000E+01 -.9943E+05 -.4528E+05   .9999980 -.0010960 -.0016753
T  754  8 .9957400E+08   8020000E+01 -.1046E+06 -.6760E+05   .9999858  .0020868 -.0048976
T  755  8 .9973712E+08   8020000E+01  .3586E+04 -.7163E+04   .9999981 -.0010818 -.0016457
T  756  8 .9998467E+08   8020000E+01 -.5989E+05  .9126E+05   .9999984  .0000814  .0017756
T  757  8 .9960296E+08   8020000E+01 -.7936E+05  .1357E+06   .9999942 -.0010765  .0032376
T  758  8 .9969590E+08   8020000E+01 -.5016E+05 -.1082E+06   .9999964 -.0011209 -.0024462
T  759  8 .9957110E+08   8020000E+01 -.6818E+04 -.3341E+06   .9999904  .0004541 -.0043527
T  760  8 .9962138E+08   8020000E+01  .5278E+05  .3707E+06   .9999781 -.0049465  .0043886
T  761  8 .9981201E+08   8020000E+01 -.6249E+05  .4098E+05   .9999924  .0037832 -.0009073
T  762  8 .9972880E+08   8020000E+01  .2435E+05 -.6475E+05   .9999988  .0014858 -.0003068
T  763  8 .9974372E+08   8020000E+01  .6086E+05 -.5159E+05   .9999988  .0012358  .0009581
T  764  8 .9955743E+08   8020000E+01 -.8076E+05  .1060E+05   .9999941 -.0032833  .0010339
T  765  8 .9975196E+08   8020000E+01 -.1260E+06 -.9738E+04   .9999971 -.0024077 -.0003008
T  766  8 .9964712E+08   8020000E+01  .5175E+05  .3617E+05   .9999982  .0019171  .0001510
T  767  8 .9976728E+08   8020000E+01 -.2909E+06  .3372E+06   .9999928 -.0034941  .0014670
T  768  8 .9971461E+08   8020000E+01 -.5457E+06  .2250E+06   .9999952 -.0030750 -.0002220
T  769  8 .9964025E+08   8020000E+01 -.2278E+06  .1804E+05   .9999937 -.0031109  .0017259
T  770  8 .9966260E+08   8020000E+01 -.1301E+06 -.1554E+06   .9999931 -.0033113 -.0016882
T  771  8 .9974572E+08   8020000E+01 -.4590E+05  .3344E+05   .9999998  .0005808  .0001428
T  772  8 .9959102E+08   8020000E+01  .1504E+06 -.3500E+05   .9999979  .0005552 -.0019941
T  773  8 .9990560E+08   8020000E+01  .8235E+05 -.1370E+05   .9999995  .0008772  .0004460
T  774  8 .9955397E+08   8020000E+01  .1692E+06  .2190E+06   .9999915  .0023251  .0034115
T  775  8 .9961239E+08   8020000E+01 -.2144E+05 -.1189E+06   .9999990  .0001456 -.0013845
T  776  8 .9965705E+08   8020000E+01 -.5000E+06 -.5720E+06   .9999472 -.0041840 -.0093818
T  777  8 .9979602E+08   8020000E+01  .8100E+05 -.1688E+06   .9999812  .0001281 -.0061307
T  778  8 .9966902E+08   8020000E+01  .1492E+06  .4991E+04   .9999975  .0021375  .0005790
T  779  8 .9984639E+08   8020000E+01  .1344E+05  .4300E+06   .9999838  .0042023  .0038499
T  780  8 .9970778E+08   8020000E+01  .1173E+06  .7693E+05   .9999989 -.0004337  .0013831
T  781  8 .9980071E+08   8020000E+01  .1345E+06 -.2730E+06   .9999898  .0030229 -.0033594
T  782  8 .9984483E+08   8020000E+01  .2165E+05 -.9883E+05   .9999988  .0003988 -.0014751
T  783  8 .9983976E+08   8020000E+01 -.6921E+05  .3238E+05   .9999975 -.0016436 -.0015369
T  784  8 .9968350E+08   8020000E+01 -.1456E+05 -.7471E+05   .9999987 -.0004983 -.0015300
T  785  8 .9970072E+08   8020000E+01  .7621E+05 -.9610E+05   .9999980 -.0004093 -.0019423
T  786  8 .9973369E+08   8020000E+01  .2509E+05  .2598E+06   .9999929 -.0026073  .0027132
T  787  8 .9985171E+08   8020000E+01 -.1188E+06  .6424E+04   .9999983 -.0009544  .0015701
T  788  8 .9978011E+08   8020000E+01 -.2276E+06  .5568E+05   .9999856 -.0041092  .0034576
T  789  8 .9965810E+08   8020000E+01  .3110E+05 -.1849E+06   .9999930  .0003714 -.0037292
T  790  8 .9994275E+08   8020000E+01  .2428E+05 -.1426E+06   .9999892 -.0004414 -.0046218
T  791  8 .9950392E+08   8020000E+01  .1218E+06  .7879E+05   .9999926  .0036268  .0012750
T  792  8 .9945113E+08   8020000E+01  .6926E+05 -.2596E+06   .9999950  .0002425 -.0031485
T  793  8 .9946158E+08   8020000E+01 -.7773E+05  .4661E+05   .9999993 -.0008052  .0008618
T  794  8 .9968636E+08   8020000E+01  .5312E+05  .3045E+05   .9999974 -.0021921 -.0006896
T  795  8 .9968297E+08   8020000E+01  .2970E+05  .1884E+06   .9999991 -.0008790  .0009972
T  796  8 .9970649E+08   8020000E+01 -.2042E+05 -.6465E+05   .9999998 -.0003970  .0004055
T  797  8 .9964362E+08   8020000E+01 -.1903E+05 -.6202E+05   .9999975 -.0006965 -.0021250
T  798  8 .9984243E+08   8020000E+01 -.2252E+05  .1215E+06   .9999991 -.0000598 -.0013551
T  799  8 .9955307E+08   8020000E+01 -.5426E+06 -.3749E+05   .9999721 -.0070830 -.0023921
T  800  8 .9982908E+08   8020000E+01 -.8088E+05 -.5652E+05   .9999985 -.0011620 -.0013130
T  801  8 .9971862E+08   8020000E+01 -.1807E+06 -.1754E+06   .9999947 -.0012511 -.0030036
T  802  8 .9950801E+08   8020000E+01 -.6200E+04  .1202E+06   .9999938 -.0001649  .0035248
T  803  8 .9988200E+08   8020000E+01  .6696E+05 -.8452E+05   .9999952  .0005251 -.0030684
T  804  8 .9984795E+08   8020000E+01 -.1860E+06  .2221E+06   .9999680 -.0049583  .0062840
T  805  8 .9952492E+08   8020000E+01  .7242E+05  .1498E+06   .9999999  .0003932 -.0001515
T  806  8 .9965143E+08   8020000E+01  .8354E+05 -.6228E+05   .9999948  .0030940 -.0009220
T  807  8 .9975863E+08   8020000E+01 -.4722E+04 -.2592E+05   .9999879  .0012171 -.0047676
T  808  8 .9956599E+08   8020000E+01 -.2579E+06  .4265E+06   .9999898 -.0010243  .0044056
T  809  8 .9968881E+08   8020000E+01  .2572E+05  .1428E+06   .9999999  .0004363  .0000890
T  810  8 .9969074E+08   8020000E+01  .1135E+06 -.8058E+05   .9999942  .0018945 -.0028443
T  811  8 .9967262E+08   8020000E+01  .1871E+05  .5659E+05   .9999992 -.0011944 -.0004217
T  812  8 .9958308E+08   8020000E+01 -.5924E+05 -.4821E+05   .9999948 -.0005452  .0031768
T  813  8 .9965369E+08   8020000E+01  .6621E+05 -.5093E+04   .9999965 -.0018263 -.0019276
T  814  8 .9967369E+08   8020000E+01 -.7868E+05  .8471E+04   .9999962 -.0002500 -.0027535
T  815  8 .9951650E+08   8020000E+01  .7619E+05  .2222E+06   .9999944 -.0013994  .0030496
T  816  8 .9977802E+08   8020000E+01  .3780E+05  .4361E+05   .9999909  .0041737  .0008810
T  817  8 .9991337E+08   8020000E+01 -.5124E+05 -.1114E+05   .9999979 -.0013725 -.0015236
T  818  8 .9972926E+08   8020000E+01  .6194E+05  .1193E+06   .9999987  .0012837  .0009796
T  819  8 .9976454E+08   8020000E+01 -.2235E+06  .8560E+05   .9999959  .0014366 -.0024776
T  820  8 .9990083E+08   8020000E+01  .1028E+06  .8364E+05   .9999883  .0043629  .0020727
T  821  8 .9973802E+08   8020000E+01  .3389E+05 -.3429E+05   .9999994  .0009282 -.0005804
T  822  8 .9971113E+08   8020000E+01 -.9951E+05 -.9261E+04   .9999965 -.0024413 -.0010584
T  823  8 .9963695E+08   8020000E+01  .3493E+05 -.1431E+05   .9999927  .0004674  .0037869
T  824  8 .9986944E+08   8020000E+01  .3535E+05 -.6722E+05   .9999804 -.0012506 -.0061301
T  825  8 .9986746E+08   8020000E+01 -.1041E+06  .1043E+06   .9999947  .0005419  .0032118
T  826  8 .9969775E+08   8020000E+01 -.4258E+05 -.1707E+05   .9999932 -.0016878  .0032875
T  827  8 .9967843E+08   8020000E+01  .5786E+06 -.2244E+06   .9999657  .0081138 -.0016871
T  828  8 .9951007E+08   8020000E+01 -.8439E+05  .5565E+05   .9999983 -.0001395 -.0018636
T  829  8 .9972185E+08   8020000E+01 -.4647E+06  .1252E+06   .9999813 -.0053332  .0030017
T  830  8 .9964388E+08   8020000E+01  .6773E+05  .5729E+05   .9999815 -.0052707  .0030504
T  831  8 .9977300E+08   8020000E+01 -.1572E+06  .2017E+06   .9999804 -.0014213  .0060988
T  832  8 .9975590E+08   8020000E+01  .2379E+05  .4453E+04   .9999879  .0046205 -.0016667
T  833  8 .9959381E+08   8020000E+01  .7601E+05  .7462E+04   .9999973  .0013726 -.0018566
T  834  8 .9968074E+08   8020000E+01  .1113E+06  .1961E+06   .9999962  .0004604  .0027257
T  835  8 .9956028E+08   8020000E+01 -.2296E+05 -.1816E+06   .9999952  .0011100 -.0028908
T  836  8 .9978498E+08   8020000E+01 -.1962E+06 -.5357E+05   .9999944 -.0033407 -.0000920
T  837  8 .9981385E+08   8020000E+01 -.1830E+06 -.4778E+05   .9999979 -.0020321  .0001190
T  838  8 .9980928E+08   8020000E+01 -.1022E+05  .8965E+05   .9999950 -.0013100  .0028655
T  839  8 .9954840E+08   8020000E+01  .7347E+05  .9035E+05   .9999980 -.0001814  .0019720
T  840  8 .9947022E+08   8020000E+01  .1443E+06 -.1198E+05   .9999971 -.0024175 -.0001727
T  841  8 .1000609E+09   8020000E+01  .1226E+06  .1292E+06   .9999999  .0003807 -.0002308
T  842  8 .9973387E+08   8020000E+01  .3232E+06  .3429E+06   .9999605  .0059584  .0065932
T  843  8 .9963096E+08   8020000E+01  .6414E+05  .3962E+05   .9999990  .0013605  .0003900
T  844  8 .9973863E+08   8020000E+01 -.1923E+06  .9018E+05   .9999943 -.0023194  .0024695
T  845  8 .9975588E+08   8020000E+01 -.2564E+06 -.1714E+06   .9999921 -.0037258 -.0014171
T  846  8 .9973355E+08   8020000E+01  .2931E+05  .2865E+06   .9999908  .0008437  .0041991
T  847  8 .9963552E+08   8020000E+01 -.4213E+06  .1434E+05   .9999997 -.0005976  .0005757
T  848  8 .9970517E+08   8020000E+01 -.1734E+06 -.2929E+05   .9999982 -.0010691 -.0015878
T  849  8 .9975758E+08   8020000E+01 -.1718E+05  .9940E+05   .9999988 -.0009256  .0012517
T  850  8 .9979611E+08   8020000E+01 -.2141E+05  .1147E+06   .9999964 -.0025292  .0009378
T  851  8 .9962856E+08   8020000E+01 -.1468E+06  .7169E+05   .9999919 -.0019287 -.0035371
T  852  8 .9963992E+08   8020000E+01 -.3374E+05 -.1291E+06   .9999991  .0013123 -.0003745
T  853  8 .9969921E+08   8020000E+01  .6467E+04  .1911E+06   .9999754  .0070031 -.0004638
T  854  8 .9975300E+08   8020000E+01 -.1768E+05  .1204E+06   .9999958  .0008892 -.0027680
T  855  8 .9963608E+08   8020000E+01  .1206E+06 -.1306E+04   .9999967  .0025523 -.0002800
T  856  8 .9960010E+08   8020000E+01 -.2138E+06  .3927E+05   .9999881 -.0044055  .0020882
T  857  8 .9963386E+08   8020000E+01 -.5072E+05  .1684E+06   .9999939  .0013887  .0031985
T  858  8 .9987745E+08   8020000E+01  .1292E+06 -.4843E+05   .9999987  .0014541  .0007238
T  859  8 .9980780E+08   8020000E+01  .1083E+06  .2175E+06   .9999813  .0033836  .0050867
T  860  8 .9991597E+08   8020000E+01  .7719E+04 -.4279E+05   .9999998 -.0001730  .0006053
T  861  8 .9966533E+08   8020000E+01  .3741E+05 -.1552E+06   .9999894  .0027276 -.0037186
T  862  8 .9962959E+08   8020000E+01 -.5931E+05 -.1308E+06   .9999952  .0005654 -.0030593
T  863  8 .9972102E+08   8020000E+01  .8116E+05  .2331E+06   .9999898  .0000017  .0045098
T  864  8 .9965206E+08   8020000E+01  .9314E+05 -.1871E+06   .9999458  .0102153 -.0020336
T  865  8 .9996219E+08   8020000E+01 -.1625E+06  .3704E+05   .9999834 -.0056793 -.0009916
T  866  8 .9960385E+08   8020000E+01 -.1045E+06 -.4541E+03   .9999996 -.0006649  .0005453
T  867  8 .9952279E+08   8020000E+01  .4629E+05  .1275E+06   .9999695  .0019970  .0075564
T  868  8 .9959826E+08   8020000E+01 -.4514E+05 -.9298E+05   .9999957  .0029127  .0002000
T  869  8 .9947195E+08   8020000E+01  .2640E+06 -.1289E+06   .9999783  .0060100 -.0027010
T  870  8 .9973716E+08   8020000E+01  .2529E+05 -.9620E+04   .9999998  .0000424  .0006120
T  871  8 .9973632E+08   8020000E+01  .3607E+06  .1564E+06   .9999941  .0016510  .0030111
T  872  8 .9952719E+08   8020000E+01  .1837E+06 -.1174E+06   .9999988  .0006881  .0013972
T  873  8 .9946324E+08   8020000E+01 -.6227E+05 -.3480E+05   .9999887 -.0047186 -.0005161
T  874  8 .9968031E+08   8020000E+01  .6796E+05 -.1540E+06   .9999873  .0043489 -.0025614
T  875  8 .9971475E+08   8020000E+01 -.8133E+05 -.2973E+06   .9999699 -.0048865 -.0060189
T  876  8 .9974260E+08   8020000E+01 -.3659E+05  .2374E+06   .9999854 -.0014948  .0051873
T  877  8 .9962103E+08   8020000E+01 -.1583E+06 -.4177E+05   .9999993 -.0008936 -.0007543
T  878  8 .9968753E+08   8020000E+01 -.2601E+05  .6917E+04   .9999978 -.0009112  .0018753
T  879  8 .9970135E+08   8020000E+01  .1508E+05  .7384E+05   .9999986 -.0013628 -.0009690
T  880  8 .9951597E+08   8020000E+01  .6750E+04 -.1372E+06   .9999997  .0007605 -.0002744
T  881  8 .9937105E+08   8020000E+01 -.1683E+06  .1870E+06   .9999956 -.0014411  .0026008
T  882  8 .9960790E+08   8020000E+01 -.6102E+05  .1242E+05   .9999936 -.0022883  .0027628
T  883  8 .9954266E+08   8020000E+01 -.6219E+04  .1037E+06   .9999994  .0009636  .0004782
T  884  8 .9973112E+08   8020000E+01  .2076E+05 -.2226E+06   .9999954 -.0008134 -.0029363
T  885  8 .9976779E+08   8020000E+01 -.2669E+06  .4424E+05   .9999943 -.0033206  .0005637
T  886  8 .9959481E+08   8020000E+01  .1022E+05  .4157E+05   .9999994 -.0010528  .0000122
T  887  8 .9958379E+08   8020000E+01 -.1845E+06 -.6422E+05   .9999970 -.0020285  .0013406
T  888  8 .9984750E+08   8020000E+01  .1392E+06 -.7398E+05   .9999927 -.0033583  .0018208
T  889  8 .9953754E+08   8020000E+01 -.9616E+05  .1668E+06   .9999971  .0003698  .0023909
T  890  8 .9992125E+08   8020000E+01 -.3141E+05 -.8663E+05   .9999979 -.0006237 -.0019618
T  891  8 .9936565E+08   8020000E+01 -.2989E+05  .1811E+05   .9999852 -.0033156 -.0043093
T  892  8 .9960782E+08   8020000E+01 -.1302E+06 -.1111E+06   .9999999 -.0004096  .0000316
T  893  8 .9962413E+08   8020000E+01  .8481E+05 -.1036E+06   .9999969  .0009565 -.0022825
T  894  8 .9970099E+08   8020000E+01 -.1788E+06  .6625E+05   .9999964 -.0025166  .0008952
T  895  8 .9975838E+08   8020000E+01 -.2593E+06 -.3469E+05   .9999979 -.0018581  .0008332
T  896  8 .9969292E+08   8020000E+01 -.1079E+06 -.1762E+05   .9999929 -.0009798 -.0036320
T  897  8 .9961419E+08   8020000E+01  .6026E+06 -.1085E+06   .9999555  .0089279 -.0030457
T  898  8 .9980159E+08   8020000E+01  .2484E+06 -.1159E+06   .9999963 -.0018455 -.0020086
T  899  8 .9996163E+08   8020000E+01  .2732E+05 -.1302E+05   .9999991 -.0003288  .0013086
T  900  8 .9959352E+08   8020000E+01 -.1410E+05 -.2846E+05   .9999995  .0006720  .0007435
T  901  8 .9967466E+08   8020000E+01 -.2064E+05  .2231E+06   .9999941  .0002734  .0034109
T  902  8 .9953067E+08   8020000E+01 -.1935E+06 -.3147E+06   .9999819 -.0011136 -.0059152
T  903  8 .9956772E+08   8020000E+01 -.1141E+06 -.4702E+05   .9999999 -.0002034 -.0000126
T  904  8 .9972501E+08   8020000E+01 -.2100E+06 -.1167E+06   .9999800 -.0044517 -.0045012
T  905  8 .9969008E+08   8020000E+01  .2000E+06 -.6059E+04   .9999871  .0046087  .0021162
T  906  8 .9967978E+08   8020000E+01 -.5880E+05 -.2399E+04   .9999584 -.0003945  .0091125
T  907  8 .9962572E+08   8020000E+01  .1580E+06  .5235E+03   .9999956  .0028999  .0005976
T  908  8 .9950812E+08   8020000E+01 -.2252E+06  .2236E+06   .9999193 -.0118470 -.0045803
T  909  8 .9983523E+08   8020000E+01 -.4927E+04  .1237E+06   .9999932 -.0001184  .0036773
T  910  8 .9971631E+08   8020000E+01 -.7362E+05  .1119E+06   .9999971 -.0002513  .0023779
T  911  8 .9980233E+08   8020000E+01 -.7110E+05  .1483E+06   .9999875 -.0046707 -.0017883
T  912  8 .9991807E+08   8020000E+01 -.5396E+05  .1074E+05   .9999995 -.0005606 -.0008228
T  913  8 .9961036E+08   8020000E+01 -.2464E+06 -.6180E+06   .9999725 -.0032287 -.0066813
T  914  8 .9988912E+08   8020000E+01  .5525E+05 -.7071E+05   .9999951  .0024091 -.0020188
T  915  8 .9953310E+08   8020000E+01  .3278E+05  .1372E+06   .9999872 -.0004259  .0050366
T  916  8 .9964790E+08   8020000E+01  .9099E+05  .3254E+06   .9999894  .0005160  .0045689
T  917  8 .9964279E+08   8020000E+01  .2247E+06  .1077E+05   .9999947  .0032389  .0002121
T  918  8 .9954416E+08   8020000E+01  .9249E+05  .6642E+05   .9999947  .0031894 -.0006079
T  919  8 .9960823E+08   8020000E+01 -.9334E+05  .9206E+05   .9999951 -.0029665 -.0010217
T  920  8 .9963156E+08   8020000E+01  .4272E+05  .8376E+05   .9999952  .0014296  .0027473
T  921  8 .9961608E+08   8020000E+01  .5815E+05 -.1365E+04   .9999999  .0001560 -.0000582
T  922  8 .9976333E+08   8020000E+01  .4003E+05 -.7681E+05   .9999774  .0047385 -.0047759
T  923  8 .9979245E+08   8020000E+01 -.1888E+06 -.5964E+05   .9999972  .0001377 -.0023435
T  924  8 .9971865E+08   8020000E+01  .4741E+06  .4817E+06   .9999892  .0017568  .0042945
T  925  8 .9965656E+08   8020000E+01  .9734E+05 -.1607E+05   .9999990  .0010281 -.0010027
T  926  8 .9972814E+08   8020000E+01  .7728E+06  .8562E+05   .9999558  .0093807 -.0006949
T  927  8 .9988402E+08   8020000E+01 -.8509E+05 -.5844E+05   .9999983 -.0018412 -.0000830
T  928  8 .9959779E+08   8020000E+01 -.4224E+05  .1974E+05   .9999983 -.0001665  .0018462
T  929  8 .9975452E+08   8020000E+01  .8604E+05  .6522E+05   .9999985 -.0003864  .0016854
T  930  8 .9971888E+08   8020000E+01 -.9869E+05  .4345E+05   .9999997 -.0005234  .0006255
T  931  8 .9997589E+08   8020000E+01 -.1112E+06  .7137E+04   .9999296 -.0114550 -.0031049
T  932  8 .9964393E+08   8020000E+01  .1827E+05 -.8197E+05   .9999976 -.0008420 -.0020080
T  933  8 .9963074E+08   8020000E+01  .7911E+05 -.3627E+05   .9999966  .0024386  .0009742
T  934  8 .9979002E+08   8020000E+01  .7586E+05 -.5132E+05   .9999990  .0009867 -.0010402
T  935  8 .9972159E+08   8020000E+01  .1259E+06 -.2277E+06   .9999951 -.0000231 -.0031221
T  936  8 .9988808E+08   8020000E+01  .1308E+06  .4233E+06   .9999902  .0000831  .0044256
T  937  8 .9959311E+08   8020000E+01 -.9796E+05  .4293E+04   .9999938 -.0021885 -.0027536
T  938  8 .9978970E+08   8020000E+01 -.6641E+05 -.8195E+05   .9999973 -.0016673 -.0016007
T  939  8 .9970905E+08   8020000E+01 -.3190E+06 -.1434E+06   .9999933 -.0035430 -.0008753
T  940  8 .9967014E+08   8020000E+01  .1207E+06 -.3911E+05   .9999985  .0011563 -.0012566
T  941  8 .1000123E+09   8020000E+01  .1415E+06  .1644E+06   .9999986  .0013968  .0008930
T  942  8 .9965226E+08   8020000E+01 -.2127E+06 -.3142E+06   .9999687 -.0025137 -.0075054
T  943  8 .9982262E+08   8020000E+01  .8220E+04 -.5643E+05   .9999954 -.0027107 -.0013514
T  944  8 .9973515E+08   8020000E+01  .4181E+04  .7379E+05   .9999997 -.0007041 -.0003499
T  945  8 .9992524E+08   8020000E+01 -.5704E+04 -.3926E+04   .9999997  .0002488  .0007416
T  946  8 .9948901E+08   8020000E+01 -.2717E+06 -.1098E+06   .9999850 -.0048853 -.0024823
T  947  8 .9967045E+08   8020000E+01 -.1049E+05 -.6707E+05   .9999939  .0022713 -.0026372
T  948  8 .9978476E+08   8020000E+01  .6530E+05 -.1418E+06   .9999953  .0017858 -.0024939
T  949  8 .9961690E+08   8020000E+01  .6408E+05  .1167E+06   .9999988 -.0006574  .0013788
T  950  8 .1000021E+09   8020000E+01 -.1024E+06  .1543E+06   .9999998 -.0006130  .0002180
T  951  8 .9951330E+08   8020000E+01  .2458E+05  .5859E+05   .9999415 -.0005797  .0107982
T  952  8 .9981691E+08   8020000E+01 -.1532E+06 -.1412E+06   .9999961 -.0002304 -.0027790
T  953  8 .9967985E+08   8020000E+01  .5498E+05  .8971E+05   .9999979  .0000905  .0020326
T  954  8 .9954414E+08   8020000E+01 -.2798E+05 -.7069E+05   .9999949 -.0031152  .0006411
T  955  8 .9986934E+08   8020000E+01  .6088E+05  .1011E+06   .9999987 -.0002423 -.0015833
T  956  8 .9990383E+08   8020000E+01  .3641E+05 -.1400E+06   .9999989  .0001241  .0015030
T  957  8 .9979621E+08   8020000E+01  .1209E+05  .1298E+06   .9999860 -.0012423  .0051479
T  958  8 .9970587E+08   8020000E+01  .7086E+05  .1243E+06   .9999987  .0007957  .0014130
T  959  8 .9963780E+08   8020000E+01  .1154E+06  .7740E+04   .9999989  .0004098 -.0013914
T  960  8 .9983871E+08   8020000E+01 -.1248E+06 -.3383E+05   .9999985  .0013251 -.0011209
T  961  8 .9966455E+08   8020000E+01  .5587E+05  .9061E+05   .9999949  .0029817  .0011865
T  962  8 .9960315E+08   8020000E+01 -.5934E+05 -.2754E+06   .9999982  .0012113 -.0014320
T  963  8 .9978417E+08   8020000E+01  .2309E+06  .1398E+06   .9999801  .0026349  .0057340
T  964  8 .9966372E+08   8020000E+01 -.6772E+05 -.4822E+05   .9999993  .0008419 -.0008330
T  965  8 .9973193E+08   8020000E+01  .1349E+06 -.2393E+06   .9999803  .0038154 -.0049933
T  966  8 .9955365E+08   8020000E+01  .1947E+06  .1463E+06   .9999904  .0031540  .0030480
T  967  8 .9954319E+08   8020000E+01 -.7426E+05  .9744E+05   .9999975 -.0011450  .0019051
T  968  8 .9971977E+08   8020000E+01  .2140E+05 -.4682E+05   .9999985  .0015824 -.0007018
T  969  8 .9973383E+08   8020000E+01  .4059E+05 -.4488E+05   .9999961 -.0002336 -.0027845
T  970  8 .9949615E+08   8020000E+01  .7986E+04 -.2836E+04   .9999999 -.0000437  .0004041
T  971  8 .9968568E+08   8020000E+01  .1688E+04  .1439E+06   .9999994 -.0001657  .0010623
T  972  8 .9987820E+08   8020000E+01 -.1075E+06  .2781E+05   .9999969 -.0009044  .0023251
T  973  8 .9968155E+08   8020000E+01 -.2948E+05 -.1299E+06   .9999981  .0003638 -.0018974
T  974  8 .9941592E+08   8020000E+01 -.5283E+05  .7974E+05   .9999997 -.0004667  .0006615
T  975  8 .9993652E+08   8020000E+01 -.1201E+06  .5734E+05   .9999963 -.0027211 -.0002350
T  976  8 .9943397E+08   8020000E+01 -.6165E+05 -.1185E+06   .9999994 -.0005026 -.0010122
T  977  8 .9980553E+08   8020000E+01 -.6795E+04  .2623E+05   .9999968  .0002758  .0025103
T  978  8 .9970859E+08   8020000E+01  .2090E+06  .2638E+06   .9999919  .0034390  .0020992
T  979  8 .9964537E+08   8020000E+01  .3572E+05  .7681E+05   .9999988  .0013292  .0008120
T  980  8 .9992751E+08   8020000E+01 -.1901E+06 -.7322E+05   .9999923 -.0007351 -.0038572
T  981  8 .9982149E+08   8020000E+01  .1332E+06 -.3139E+05   .9999949  .0031021  .0007028
T  982  8 .9961322E+08   8020000E+01  .1079E+06  .1185E+06   .9999960  .0021727  .0018242
T  983  8 .9949093E+08   8020000E+01  .1458E+06  .3215E+04   .9999879  .0029956 -.0039061
T  984  8 .9970613E+08   8020000E+01  .1739E+05 -.1334E+06   .9999961  .0020990 -.0018658
T  985  8 .9978897E+08   8020000E+01  .4273E+05  .4462E+05   .9999986 -.0016582  .0000691
T  986  8 .9970242E+08   8020000E+01 -.5131E+04  .5710E+05   .9999998 -.0001445  .0005342
T  987  8 .9966824E+08   8020000E+01  .6934E+05 -.1654E+06   .9999958 -.0008895 -.0027604
T  988  8 .9971300E+08   8020000E+01  .3325E+06  .3732E+05   .9999902  .0042007 -.0013982
T  989  8 .9988685E+08   8020000E+01  .4430E+05  .6084E+05   .9999995 -.0009598 -.0000536
T  990  8 .9970752E+08   8020000E+01 -.1015E+06  .9776E+05   .9999946 -.0019710  .0026291
T  991  8 .9969474E+08   8020000E+01 -.1999E+06 -.3091E+04   .9999907 -.0042788 -.0004414
T  992  8 .9960586E+08   8020000E+01 -.9387E+05  .1850E+06   .9999976 -.0016307  .0014308
T  993  8 .9985699E+08   8020000E+01 -.1319E+06  .1668E+06   .9999939 -.0030587  .0016711
T  994  8 .9973275E+08   8020000E+01 -.1891E+05 -.3709E+05   .9999830 -.0028670  .0050699
T  995  8 .9978606E+08   8020000E+01  .1332E+05 -.4563E+05   .9999985 -.0012952  .0011803
T  996  8 .9983190E+08   8020000E+01  .4996E+05 -.1397E+06   .9999978  .0020468  .0003866